a b
0	0
0.00297018750000007	0.296999999999740
0.00594037500000008	0.593999999999480
0.00891056249999988	0.890999999998915
0.0118807500000000	1.18799999999892
0.0148509375000006	1.48499999999900
0.0178211250000001	1.78199999999786
0.0207913124999999	2.07899999999782
0.0237615000000006	2.37599999999792
0.0267316874999997	2.67299999999783
0.0297018750000001	2.96999999999782
0.0326720625000001	3.26699999999791
0.0356422500000002	3.56399999999790
0.0386124374999984	3.86099999999558
0.0415826249999980	4.15799999999556
0.0445528124999988	4.45499999999558
0.0475230000000018	4.75199999999580
0.0504931874999980	5.04899999999543
0.0534633750000009	5.34599999999577
0.0564335624999996	5.64299999999567
0.0594037499999987	5.93999999999538
0.0623739375000004	6.23699999999572
0.0653441250000008	6.53399999999595
0.0683143124999974	6.83099999999556
0.0712844999999980	7.12799999999546
0.0742546875000002	7.42499999999159
0.0772248749999987	7.72199999999129
0.0801950624999934	8.01899999999064
0.0831652499999980	8.31599999999115
0.0861354374999983	8.61299999999121
0.0891056249999963	8.90999999999108
0.0920758124999977	9.20699999999110
0.0950459999999959	9.50399999999085
0.0980161874999983	9.80099999999120
0.100986374999996	10.0979999999912
0.103956562499993	10.3949999999909
0.106926749999995	10.6919999999909
0.109896937499989	10.9889999999903
0.112867124999998	11.2859999999914
0.115837312499995	11.5829999999912
0.118807499999995	11.8799999999909
0.121777687499990	12.1769999999905
0.124747874999993	12.4739999999910
0.127718062499996	12.7709999999912
0.130688249999999	13.0679999999913
0.133658437500000	13.3649999999915
0.136628624999993	13.6619999999908
0.139598812499988	13.9589999999901
0.142568999999993	14.2559999999906
0.145539187499994	14.5529999999909
0.148509374999994	14.8499999999821
0.151479562499994	15.1469999999822
0.154449749999989	15.4439999999818
0.157419937499988	15.7409999999817
0.160390124999989	16.0379999999813
0.163360312499989	16.3349999999818
0.166330499999988	16.6319999999819
0.169300687499985	16.9289999999814
0.172270874999983	17.2259999999809
0.175241062499983	17.5229999999810
0.178211249999984	17.8199999999811
0.181181437499988	18.1169999999819
0.184151624999983	18.4139999999813
0.187121812499987	18.7109999999814
0.190091999999978	19.0079999999806
0.193062187499968	19.3049999999799
0.196032374999983	19.6019999999810
0.199002562499985	19.8989999999811
0.201972749999990	20.1959999999825
0.204942937499984	20.4929999999812
0.207913124999985	20.7899999999816
0.210883312499990	21.0869999999816
0.213853499999994	21.3839999999821
0.216823687499994	21.6809999999824
0.219793874999982	21.9779999999812
0.222764062499992	22.2749999999822
0.225734249999996	22.5719999999824
0.228704437499985	22.8689999999815
0.231674624999996	23.1659999999822
0.234644812499996	23.4629999999825
0.237615000000001	23.7599999999829
0.240585187500000	24.0569999999832
0.243555374999997	24.3539999999831
0.246525562499996	24.6509999999822
0.249495749999998	24.9479999999828
0.252465937499988	25.2449999999818
0.255436124999994	25.5419999999822
0.258406312499995	25.8389999999821
0.261376500000007	26.1359999999832
0.264346687499994	26.4329999999824
0.267316874999999	26.7299999999828
0.270287062499999	27.0269999999827
0.273257250000005	27.3239999999834
0.276227437499997	27.6209999999829
0.279197625000012	27.9179999999843
0.282167812500006	28.2149999999834
0.285138000000005	28.5119999999837
0.288108187499996	28.8089999999829
0.291078375000005	29.1059999999668
0.294048562500008	29.4029999999674
0.297018750000006	29.6999999999658
0.299988937499998	29.9969999999637
0.302959124999997	30.2939999999652
0.305929312499998	30.5909999999652
0.308899499999999	30.8879999999658
0.311869687499994	31.1849999999649
0.314839874999997	31.4819999999652
0.317810062499998	31.7789999999641
0.320780249999997	32.0759999999655
0.323750437500000	32.3729999999661
0.326720624999995	32.6699999999651
0.329690812499999	32.9669999999654
0.332660999999994	33.2639999999659
0.335631187500002	33.5609999999658
0.338601374999976	33.8579999999628
0.341571562500000	34.1549999999646
0.344541750000000	34.4519999999658
0.347511937499995	34.7489999999649
0.350482124999997	35.0459999999652
0.353452312499995	35.3429999999648
0.356422499999996	35.6399999999650
0.359392687499979	35.9369999999649
0.362362874999990	36.2339999999648
0.365333062499996	36.5309999999658
0.368303249999996	36.8279999999657
0.371273437499987	37.1249999999645
0.374243624999981	37.4219999999637
0.377213812499990	37.7189999999648
0.380183999999996	38.0159999999659
0.383154187499983	38.3129999999633
0.386124374999982	38.6099999999636
0.389094562499979	38.9069999999631
0.392064749999980	39.2039999999634
0.395034937499969	39.5009999999631
0.398005124999968	39.7979999999623
0.400975312499978	40.0949999999638
0.403945499999978	40.3919999999642
0.406915687499971	40.6889999999625
0.409885874999980	40.9859999999635
0.412856062499973	41.2829999999626
0.415826249999969	41.5799999999625
0.418796437499981	41.8769999999646
0.421766624999974	42.1739999999626
0.424736812499978	42.4709999999633
0.427706999999980	42.7679999999645
0.430677187499976	43.0649999999632
0.433647374999967	43.3619999999622
0.436617562499972	43.6589999999635
0.439587749999958	43.9559999999614
0.442557937499969	44.2529999999627
0.445528124999927	44.5499999999579
0.448498312499973	44.8469999999630
0.451468499999968	45.1439999999624
0.454438687499961	45.4409999999617
0.457408874999978	45.7379999999636
0.460379062499957	46.0349999999615
0.463349249999958	46.3319999999622
0.466319437499965	46.6289999999618
0.469289624999960	46.9259999999620
0.472259812499968	47.2229999999623
0.475229999999966	47.5199999999624
0.478200187499981	47.8169999999642
0.481170374999939	48.1139999999587
0.484140562499970	48.4109999999637
0.487110749999974	48.7079999999634
0.490080937499973	49.0049999999636
0.493051124999960	49.3019999999605
0.496021312499963	49.5989999999624
0.498991499999958	49.8959999999608
0.501961687499977	50.1929999999654
0.504931874999985	50.4899999999638
0.507902062499956	50.7869999999610
0.510872249999972	51.0839999999626
0.513842437499969	51.3809999999632
0.516812624999975	51.6779999999633
0.519782812499968	51.9749999999632
0.522752999999985	52.2719999999625
0.525723187499977	52.5689999999636
0.528693374999991	52.8659999999639
0.531663562499981	53.1629999999648
0.534633750000003	53.4599999999662
0.537603937500022	53.7569999999683
0.540574124999991	54.0539999999650
0.543544312500004	54.3509999999666
0.546514500000000	54.6479999999656
0.549484687500012	54.9449999999671
0.552454875000024	55.2419999999688
0.555425062500021	55.5389999999662
0.558395250000019	55.8359999999687
0.561365437500024	56.1329999999678
0.564335625000008	56.4299999999662
0.567305812500003	56.7269999999664
0.570276000000022	57.0239999999684
0.573246187500029	57.3209999999686
0.576216375000016	57.6179999999674
0.579186562500029	57.9149999999703
0.582156750000025	58.2119999999687
0.585126937500019	58.5089999999675
0.588097125000034	58.8059999999690
0.591067312500022	59.1029999999333
0.594037500000036	59.3999999999689
0.597007687500030	59.6969999999347
0.599977875000040	59.9939999999357
0.602948062500023	60.2909999999335
0.605918250000031	60.5879999999331
0.608888437500035	60.8849999999348
0.611858625000036	61.1819999999349
0.614828812500026	61.4789999999365
0.617799000000033	61.7759999999343
0.620769187500035	62.0729999999351
0.623739375000025	62.3699999999342
0.626709562500021	62.6669999999337
0.629679750000016	62.9639999999330
0.632649937500018	63.2609999999335
0.635620125000056	63.5579999999376
0.638590312500028	63.8549999999334
0.641560500000015	64.1519999999338
0.644530687500019	64.4489999999328
0.647500875000034	64.7459999999339
0.650471062500024	65.0429999999349
0.653441250000022	65.3399999999337
0.656411437500006	65.6369999999309
0.659381625000021	65.9339999999326
0.662351812500006	66.2309999999320
0.665322000000019	66.5279999999342
0.668292187500026	66.8249999999339
0.671262374999966	67.1219999999305
0.674232562500012	67.4189999999326
0.677202750000028	67.7159999999341
0.680172937500016	68.0129999999328
0.683143125000010	68.3099999999326
0.686113312500025	68.6069999999332
0.689083500000007	68.9039999999322
0.692053687500010	69.2009999999339
0.695023875000014	69.4979999999328
0.697994062500013	69.7949999999308
0.700964249999993	70.0919999999316
0.703934437500020	70.3889999999337
0.706904625000001	70.6859999999312
0.709874812500007	70.9829999999321
0.712844999999968	71.2799999999283
0.715815187500014	71.5769999999328
0.718785375000018	71.8739999999329
0.721755562500012	72.1709999999326
0.724725750000006	72.4679999999325
0.727695937500010	72.7649999999318
0.730666125000010	73.0619999999325
0.733636312500025	73.3589999999347
0.736606500000025	73.6559999999337
0.739576687500040	73.9529999999328
0.742546875000022	74.2499999999327
0.745517062500020	74.5469999999341
0.748487250000034	74.8439999999348
0.751457437500030	75.1409999999337
0.754427625000043	75.4379999999350
0.757397812500047	75.7349999999350
0.760368000000067	76.0319999999384
0.763338187500046	76.3289999999366
0.766308375000034	76.6259999999350
0.769278562500063	76.9229999999415
0.772248750000058	77.2199999999369
0.775218937500048	77.5169999999357
0.778189125000062	77.8139999999370
0.781159312500079	78.1109999999390
0.784129500000067	78.4079999999383
0.787099687500047	78.7049999999352
0.790069875000065	79.0019999999367
0.793040062500076	79.2989999999388
0.796010250000062	79.5959999999378
0.798980437500060	79.8929999999378
0.801950625000041	80.1899999999362
0.804920812500068	80.4869999999364
0.807891000000018	80.7839999999337
0.810861187500071	81.0809999999380
0.813831375000028	81.3779999999336
0.816801562500041	81.6749999999351
0.819771750000060	81.9719999999383
0.822741937500030	82.2689999999354
0.825712125000067	82.5659999999375
0.828682312500037	82.8629999999360
0.831652500000061	83.1599999999381
0.834622687500037	83.4569999999351
0.837592875000020	83.7539999999329
0.840563062500034	84.0509999999346
0.843533250000059	84.3479999999370
0.846503437500077	84.6449999999393
0.849473625000067	84.9419999999380
0.852443812500044	85.2389999999342
0.855414000000029	85.5359999999309
0.858384187500078	85.8329999999400
0.861354375000066	86.1299999999364
0.864324562500060	86.4269999999380
0.867294750000034	86.7239999999372
0.870264937500048	87.0209999999361
0.873235125000042	87.3179999999372
0.876205312500052	87.6149999999367
0.879175500000057	87.9119999999377
0.882145687500002	88.2089999999357
0.885115875000046	88.5059999999363
0.888086062500021	88.8029999999337
0.891056250000048	89.0999999999359
0.894026437500077	89.3969999999401
0.896996625000018	89.6939999999321
0.899966812500052	89.9909999999366
0.902937000000026	90.2879999999355
0.905907187500055	90.5849999999369
0.908877375000040	90.8819999999342
0.911847562500055	91.1789999999381
0.914817750000030	91.4759999999350
0.917787937500083	91.7729999999396
0.920758125000066	92.0699999999364
0.923728312500066	92.3669999999389
0.926698500000054	92.6639999999365
0.929668687500070	92.9609999999384
0.932638875000072	93.2579999999385
0.935609062500060	93.5549999999380
0.938579250000036	93.8519999999320
0.941549437500075	94.1489999999394
0.944519625000085	94.4459999999395
0.947489812500052	94.7429999999365
0.950460000000086	95.0399999999399
0.953430187500056	95.3369999999374
0.956400375000064	95.6339999999379
0.959370562500064	95.9309999999393
0.962340750000071	96.2279999999388
0.965310937500090	96.5249999999387
0.968281125000081	96.8219999999389
0.971251312500078	97.1189999999392
0.974221500000065	97.4159999999389
0.977191687500073	97.7129999999393
0.980161875000044	98.0099999999372
0.983132062500083	98.3069999999409
0.986102250000072	98.6039999999386
0.989072437500042	98.9009999999369
0.989550321428500	98.9434285713083
0.988974120535697	98.8797857143424
0.988397919642852	98.8161428572021
0.987821718749990	98.7525000000592
0.987245517857110	98.6888571429119
0.986669316964267	98.6252142857714
0.986093116071419	98.5615714286310
0.985516915178561	98.4979285714858
0.984940714285705	98.4342857143439
0.984364513392840	98.3706428572038
0.983788312499972	98.3070000000576
0.983212111607127	98.2433571429149
0.982635910714288	98.1797142857746
0.982059709821411	98.1160714286311
0.981483508928604	98.0524285714942
0.980907308035733	97.9887857143481
0.980331107142837	97.9251428572005
0.979754906250008	97.8615000000606
0.979178705357141	97.7978571429175
0.978602504464269	97.7342142857726
0.978026303571420	97.6705714286318
0.977450102678567	97.6069285714877
0.976873901785673	97.5432857143422
0.976297700892858	97.4796428572037
0.975721500000002	97.4160000000602
0.975145299107146	97.3523571429193
0.974569098214280	97.2887142857732
0.973992897321412	97.2250714286292
0.973416696428592	97.1614285714903
0.972840495535696	97.0977857143453
0.972264294642850	97.0341428572030
0.971688093749936	96.9705000000525
0.971111892857137	96.9068571429163
0.970535691964274	96.8432142857725
0.969959491071423	96.7795714286296
0.969383290178578	96.7159285714908
0.968807089285723	96.6522857143459
0.968230888392846	96.5886428572020
0.967654687500005	96.5250000000603
0.967078486607141	96.4613571429210
0.966502285714273	96.3977142857741
0.965926084821430	96.3340714286328
0.965349883928537	96.2704285714852
0.964773683035707	96.2067857143442
0.964197482142849	96.1431428572009
0.963621281249995	96.0795000000588
0.963045080357088	96.0158571429103
0.962468879464261	95.9522142857732
0.961892678571406	95.8885714286278
0.961316477678559	95.8249285714850
0.960740276785708	95.7612857143466
0.960164075892822	95.6976428571989
0.959587874999989	95.6340000000584
0.959011674107129	95.5703571429160
0.958435473214256	95.5067142857702
0.957859272321428	95.4430714286300
0.957283071428572	95.3794285714918
0.956706870535727	95.3157857143465
0.956130669642851	95.2521428572013
0.955554468749998	95.1885000000612
0.954978267857120	95.1248571429148
0.954402066964272	95.0612142857730
0.953825866071432	94.9975714286313
0.953249665178565	94.9339285714869
0.952673464285705	94.8702857143438
0.952097263392776	94.8066428571955
0.951521062500005	94.7430000000618
0.950944861607136	94.6793571429161
0.950368660714270	94.6157142857734
0.949792459821442	94.5520714286316
0.949216258928562	94.4884285714865
0.948640058035728	94.4247857143471
0.948063857142846	94.3611428572016
0.947487656250078	94.2975000000653
0.946911455357189	94.2338571429215
0.946335254464269	94.1702142857720
0.945759053571412	94.1065714286302
0.945182852678576	94.0429285714897
0.944606651785712	93.9792857143468
0.944030450892846	93.9156428572017
0.943454249999995	93.8520000000593
0.942878049107135	93.7883571429141
0.942301848214313	93.7247142857777
0.941725647321435	93.6610714286328
0.941149446428552	93.5974285714853
0.940573245535710	93.5337857143465
0.939997044642837	93.4701428572005
0.939420843750002	93.4065000000598
0.938844642857101	93.3428571429127
0.939073680059554	93.3597380951794
0.944921764881003	93.9385238094607
0.950769849702386	94.5173095237421
0.956617934523838	95.0960952380323
0.962466019345278	95.6748809523176
0.968314104166714	96.2536666666040
0.974162188988148	96.8324523808909
0.980010273809585	97.4112380951773
0.981959635416713	97.6041666665820
0.981499684523825	97.5400952381557
0.981039733630952	97.4760238095837
0.980579782738094	97.4119523810122
0.980119831845232	97.3478809524407
0.979659880952392	97.2838095238722
0.979199930059501	97.2197380952960
0.978739979166722	97.1556666667336
0.978280028273764	97.0915952381545
0.977820077380965	97.0275238095866
0.977360126488081	96.9634523810095
0.976900175595233	96.8993809524404
0.976440224702383	96.8353095238702
0.975980273809521	96.7712380952965
0.975520322916669	96.7071666667256
0.975060372023825	96.6430952381572
0.974600421130955	96.5790238095844
0.974140470238105	96.5149523810149
0.973680519345212	96.4508809524367
0.973220568452373	96.3868095238692
0.972760617559534	96.3227380952994
0.972300666666643	96.2586666667224
0.971840715773820	96.1945952381576
0.971380764880969	96.1305238095862
0.970920813988120	96.0664523810168
0.970460863095244	96.0023809524414
0.970000912202367	95.9383095238672
0.969540961309537	95.8742380953011
0.969081010416677	95.8101666667283
0.968621059523802	95.7460952381542
0.968161108630980	95.6820238095888
0.967701157738080	95.6179523810118
0.967241206845230	95.5538809524401
0.966781255952367	95.4898095238682
0.966321305059525	95.4257380952994
0.965861354166685	95.3616666667302
0.965401403273820	95.2975952381609
0.964941452380968	95.2335238095857
0.964481501488086	95.1694523810113
0.964021550595252	95.1053809524385
0.963561599702382	95.0413095238699
0.963101648809507	94.9772380952972
0.962641697916640	94.9131666667258
0.962181747023805	94.8490952381544
0.961721796130951	94.7850238095846
0.961261845238078	94.7209523810108
0.960801894345257	94.6568809524436
0.960341943452385	94.5928095238711
0.959881992559605	94.5287380953102
0.959422041666662	94.4646666667273
0.958962090773824	94.4005952381558
0.958502139880921	94.3365238095782
0.958042188988103	94.2724523810137
0.957582238095255	94.2083809524437
0.957122287202386	94.1443095238701
0.956662336309530	94.0802380952970
0.956202385416660	94.0161666667253
0.955742434523812	93.9520952381552
0.955282483630944	93.8880238095842
0.954822532738104	93.8239523810129
0.954362581845214	93.7598809524382
0.953902630952410	93.6958095238720
0.953442680059505	93.6317380952953
0.952982729166644	93.5676666667241
0.952522778273801	93.5035952381539
0.952062827380945	93.4395238095835
0.951602876488105	93.3754523810137
0.951142925595237	93.3113809524419
0.950682974702436	93.2473095238749
0.950223023809528	93.1832380952996
0.949763072916665	93.1191666667278
0.949303122023853	93.0550952381597
0.948843171130969	92.9910238095882
0.948383220238087	92.9269523810123
0.947923269345250	92.8628809524436
0.947463318452385	92.7988095238705
0.947003367559523	92.7347380952977
0.946543416666620	92.6706666667180
0.946083465773810	92.6065952381551
0.945623514880947	92.5425238095830
0.945163563988077	92.4784523810077
0.944703613095226	92.4143809524395
0.944243662202384	92.3503095238685
0.943783711309433	92.2862380952917
0.943323760416675	92.2221666667282
0.942863809523803	92.1580952381544
0.942403858630958	92.0940238095865
0.941943907738093	92.0299523810114
0.941483956845224	91.9658809524380
0.943816767857206	92.1810857141906
0.947213102678633	92.5026428570743
0.950609437500046	92.8241999999301
0.954005772321456	93.1457571427845
0.957402107142922	93.4673142856461
0.960798441964350	93.7888714285074
0.964194776785787	94.1104285713615
0.967591111607215	94.4319857142193
0.970987446428633	94.7535428570743
0.971364816964329	94.7892714285098
0.971439723214251	94.7679714284915
0.971099450892857	94.7038142857759
0.970759178571409	94.6396571429134
0.970418906250023	94.5755000000623
0.970078633928568	94.5113428572027
0.969738361607136	94.4471857143449
0.969398089285670	94.3830285714854
0.969057816964246	94.3188714286268
0.968717544642858	94.2547142857733
0.968377272321447	94.1905571429182
0.968037000000008	94.1264000000622
0.967696727678564	94.0622428572015
0.967356455357128	93.9980857143414
0.967016183035729	93.9339285714905
0.966675910714271	93.8697714286301
0.966335638392852	93.8056142857724
0.965995366071445	93.7414571429186
0.965655093750000	93.6773000000596
0.965314821428584	93.6131428572079
0.964974549107130	93.5489857143458
0.964634276785699	93.4848285714871
0.964294004464294	93.4206714286309
0.963953732142874	93.3565142857767
0.963613459821417	93.2923571429146
0.963273187499953	93.2282000000530
0.962932915178568	93.1640428572001
0.962592642857131	93.0998857143459
0.962252370535692	93.0357285714881
0.961912098214280	92.9715714286301
0.961571825892838	92.9074142857715
0.961231553571457	92.8432571429198
0.960891281249990	92.7791000000580
0.960551008928576	92.7149428572041
0.960210736607161	92.6507857143474
0.959870464285702	92.5866285714893
0.959530191964296	92.5224714286346
0.959189919642919	92.4583142857852
0.958849647321430	92.3941571429166
0.958509375000008	92.3300000000629
0.958169102678559	92.2658428572012
0.957828830357126	92.2016857143452
0.957488558035733	92.1375285714937
0.957148285714320	92.0733714286349
0.956808013392862	92.0092142857746
0.956467741071432	91.9450571429188
0.956127468749997	91.8809000000592
0.955787196428546	91.8167428572000
0.955446924107143	91.7525857143465
0.955106651785715	91.6884285714875
0.954766379464286	91.6242714286316
0.954426107142853	91.5601142857736
0.954085834821423	91.4959571429156
0.953745562500007	91.4318000000617
0.953405290178580	91.3676428572035
0.953065017857152	91.3034857143437
0.952724745535726	91.2393285714899
0.952384473214288	91.1751714286335
0.952044200892864	91.1110142857752
0.951703928571442	91.0468571429192
0.951363656250046	90.9827000000666
0.951023383928648	90.9185428572085
0.950683111607145	90.8543857143455
0.950342839285721	90.7902285714888
0.950002566964289	90.7260714286322
0.949662294642855	90.6619142857722
0.949322022321383	90.5977571429096
0.948981750000009	90.5336000000622
0.948641477678584	90.4694428572041
0.948301205357136	90.4052857143460
0.947960933035731	90.3411285714910
0.947620660714261	90.2769714286280
0.947280388392830	90.2128142857743
0.946940116071396	90.1486571429134
0.946599843749997	90.0845000000589
0.946259571428567	90.0203428572024
0.945919299107146	89.9561857143466
0.945579026785719	89.8920285714898
0.945238754464271	89.8278714286264
0.944898482142852	89.7637142857777
0.944558209821426	89.6995571429185
0.944217937499988	89.6354000000596
0.943877665178569	89.5712428572026
0.943537392857139	89.5070857143458
0.943197120535750	89.4429285714971
0.942856848214301	89.3787714286332
0.943903392219388	89.4532959182993
0.946317854591906	89.6646122448593
0.948732316964268	89.8759285713780
0.951146779336715	90.0872448979073
0.953561241709190	90.2985612244413
0.955975704081639	90.5098775509723
0.958390166454111	90.7211938775066
0.960804628826492	90.9325102040293
0.963219091198993	91.1438265305656
0.965633553571427	91.3551428570930
0.968048015943885	91.5664591836252
0.970462478316322	91.7777755101064
0.971267299107140	91.8482142856476
0.971047195153056	91.7840204082247
0.970827091198988	91.7198265306750
0.970606987244911	91.6556326531247
0.970386883290814	91.5914387755684
0.970166779336747	91.5272448980213
0.969946675382667	91.4630510204692
0.969726571428578	91.3988571429184
0.969506467474475	91.3346632653620
0.969286363520418	91.2704693878174
0.969066259566344	91.2062755102682
0.968846155612235	91.1420816327116
0.968626051658165	91.0778877551627
0.968405947704100	91.0136938776158
0.968185843749999	90.9495000000590
0.967965739795903	90.8853061225073
0.967745635841844	90.8211122449589
0.967525531887773	90.7569183674111
0.967305427933694	90.6927244898605
0.967085323979601	90.6285306123090
0.966865220025510	90.5643367347526
0.966645116071441	90.5001428572059
0.966425012117366	90.4359489796534
0.966204908163266	90.3717551021024
0.965984804209156	90.3075612245396
0.965764700255102	90.2433673469988
0.965544596301030	90.1791734694506
0.965324492346956	90.1149795918944
0.965104388392859	90.0507857143481
0.964884284438815	89.9865918368046
0.964664180484681	89.9223979592374
0.964444076530614	89.8582040816937
0.964223972576536	89.7940102041445
0.964003868622441	89.7298163265902
0.963783764668369	89.6656224490411
0.963563660714295	89.6014285714936
0.963343556760196	89.5372346939366
0.963123452806124	89.4730408163855
0.962903348852051	89.4088469388338
0.962683244897958	89.3446530612836
0.962463140943886	89.2804591837364
0.962243036989790	89.2162653061784
0.962022933035719	89.1520714286331
0.961802829081644	89.0878775510825
0.961582725127534	89.0236836735275
0.961362621173468	88.9594897959786
0.961142517219395	88.8952959184301
0.960922413265317	88.8311020408785
0.960702309311240	88.7669081633264
0.960482205357150	88.7027142857754
0.960262101403062	88.6385204082243
0.960041997449004	88.5743265306793
0.959821893494888	88.5101326531182
0.959601789540808	88.4459387755687
0.959381685586745	88.3817448980214
0.959161581632645	88.3175510204677
0.958941477678585	88.2533571429189
0.958721373724426	88.1891632653571
0.958501269770411	88.1249693878149
0.958281165816323	88.0607755102655
0.958061061862245	87.9965816327133
0.957840957908181	87.9323877551661
0.957620853954091	87.8681938776161
0.957400749999987	87.8040000000614
0.957180646045939	87.7398061225130
0.956960542091836	87.6756122449568
0.956740438137749	87.6114183674073
0.956520334183682	87.5472244898591
0.956300230229589	87.4830306123056
0.956080126275509	87.4188367347552
0.955860022321433	87.3546428572011
0.955639918367349	87.2904489796550
0.955419814413277	87.2262551021043
0.955199710459249	87.1620612245598
0.954979606505102	87.0978673469990
0.954759502551036	87.0336734694502
0.954539398596957	86.9694795919027
0.954319294642867	86.9052857143480
0.954099190688774	86.8410918367960
0.953879086734695	86.7768979592433
0.953658982780618	86.7127040816941
0.953438878826537	86.6485102041452
0.953218774872458	86.5843163265929
0.954509509920636	86.6712063491678
0.956432059027795	86.8212777777097
0.958354608134976	86.9713492062877
0.960277157242072	87.1214206348522
0.962199706349227	87.2714920634258
0.964122255456349	87.4215634919942
0.966044804563497	87.5716349205660
0.967967353670643	87.7217063491370
0.969889902777780	87.8717777777102
0.971812451884929	88.0218492062813
0.973735000992087	88.1719206348528
0.975657550099223	88.3219920634239
0.977580099206349	88.4720634919936
0.979502648313486	88.6221349205646
0.981425197420640	88.7722063491387
0.981638813988087	88.7888809523169
0.981763744047624	88.7484761904063
0.981663971726203	88.6842619048250
0.981564199404781	88.6200476191075
0.981464427083324	88.5558333333950
0.981364654761820	88.4916190476592
0.981264882440470	88.4274047619632
0.981165110119026	88.3631904762444
0.981065337797608	88.2989761905354
0.980965565476226	88.2347619049007
0.980865793154795	88.1705476191121
0.980766020833354	88.1063333334667
0.980666248511896	88.0421190476766
0.980566476190515	87.9779047619893
0.980466703869079	87.9136904762519
0.980366931547610	87.8494761905309
0.980267159226181	87.7852619048185
0.980167386904790	87.7210476191015
0.980067614583338	87.6568333333930
0.979967842261895	87.5926190476734
0.979868069940458	87.5284047619575
0.979768297619057	87.4641904762592
0.979668525297617	87.3999761905339
0.979568752976209	87.3357619048283
0.979468980654779	87.2715476191118
0.979369208333235	87.2073333333712
0.979269436011903	87.1431190476754
0.979169663690477	87.0789047619677
0.979069891369045	87.0146904762473
0.978970119047655	86.9504761905451
0.978870346726190	86.8862619048219
0.978770574404774	86.8220476191122
0.978670802083324	86.7578333333953
0.978571029761904	86.6936190476802
0.978471257440476	86.6294047619655
0.978371485119047	86.5651904762570
0.978271712797630	86.5009761905408
0.978171940476176	86.4367619048224
0.978072168154760	86.3725476191061
0.977972395833348	86.3083333334000
0.977872623511913	86.2441190476823
0.977772851190494	86.1799047619698
0.977673078869032	86.1156904762481
0.977573306547627	86.0514761905407
0.977473534226173	85.9872619048199
0.977373761904764	85.9230476191099
0.977273989583342	85.8588333333966
0.977174217261920	85.7946190476869
0.977074444940446	85.7304047619602
0.976974672619045	85.6661904762541
0.976874900297612	85.6019761905375
0.976775127976192	85.5377619048278
0.976675355654776	85.4735476191198
0.976575583333344	85.4093333333989
0.976475811011914	85.3451190476826
0.976376038690478	85.2809047619658
0.976276266369052	85.2166904762540
0.976176494047606	85.1524761905330
0.976076721726201	85.0882619048266
0.975976949404763	85.0240476191053
0.975877177083362	84.9598333333957
0.975777404761905	84.8956190476779
0.975677632440498	84.8314047619771
0.975577860119064	84.7671904762566
0.975478087797595	84.7029761905300
0.975378315476203	84.6387619048284
0.975278543154832	84.5745476191257
0.975178770833339	84.5103333333948
0.975078998511903	84.4461190476847
0.974979226190490	84.3819047619652
0.974879453869056	84.3176904762598
0.974779681547628	84.2534761905456
0.974679909226178	84.1892619048118
0.974580136904778	84.1250476191059
0.974480364583304	84.0608333333831
0.974380592261892	83.9966190476785
0.974280819940488	83.9324047619649
0.974181047619056	83.8681904762533
0.974081275297592	83.8039761905304
0.973981502976196	83.7397619048279
0.975198916801907	83.8072662337330
0.976852261363620	83.9183636363117
0.978505605925308	84.0294610389072
0.980158950486989	84.1405584415055
0.981812295048655	84.2516558441014
0.983465639610317	84.3627532466980
0.985118984172040	84.4738506492962
0.986772328733723	84.5849480518945
0.988425673295397	84.6960454544904
0.990079017857123	84.8071428570913
0.991732362418805	84.9182402596858
0.993385706980528	85.0293376622891
0.995039051542192	85.1404350648830
0.996692396103870	85.2515324674790
0.998345740665584	85.3626298700818
0.999999085227236	85.4737272726731
1.00165242978893	85.5848246752728
1.00330577435060	85.6959220778675
1.00385688920452	85.7329545453847
1.00387752272727	85.6687272727875
1.00389815625000	85.6045000001329
1.00391878977273	85.5402727273979
1.00393942329544	85.4760454546951
1.00396005681820	85.4118181818905
1.00398069034092	85.3475909091234
1.00400132386365	85.2833636364233
1.00402195738640	85.2191363636803
1.00404259090911	85.1549090909479
1.00406322443184	85.0906818182162
1.00408385795455	85.0264545454904
1.00410449147728	84.9622272728507
1.00412512500002	84.8980000000323
1.00414575852271	84.8337727274036
1.00416639204545	84.7695454546013
1.00418702556822	84.7053181818174
1.00420765909091	84.6410909091312
1.00422829261366	84.5768636364761
1.00424892613638	84.5126363636920
1.00426955965909	84.4484090909819
1.00429019318184	84.3841818182292
1.00431082670453	84.3199545454943
1.00433146022725	84.2557272728500
1.00435209375000	84.1915000000523
1.00437272727275	84.1272727273158
1.00439336079548	84.0630454545951
1.00441399431818	83.9988181818741
1.00443462784097	83.9345909090721
1.00445526136366	83.8703636364162
1.00447589488637	83.8061363636857
1.00449652840910	83.7419090909804
1.00451716193183	83.6776818182307
1.00453779545455	83.6134545455107
1.00455842897728	83.5492272727665
1.00457906249998	83.4850000001448
1.00459969602272	83.4207727274018
1.00462032954548	83.3565454546087
1.00464096306823	83.2923181818666
1.00466159659091	83.2280909091475
1.00468223011362	83.1638636364115
1.00470286363635	83.0996363637498
1.00472349715910	83.0354090909572
1.00474413068183	82.9711818182373
1.00476476420455	82.9069545454936
1.00478539772736	82.8427272727415
1.00480603124999	82.7785000000650
1.00482666477273	82.7142727274135
1.00484729829547	82.6500454545828
1.00486793181819	82.5858181819272
1.00488856534091	82.5215909091993
1.00490919886365	82.4573636364138
1.00492983238636	82.3931363638011
1.00495046590910	82.3289090909415
1.00497109943182	82.2646818182367
1.00499173295455	82.2004545455096
1.00501236647729	82.1362272727678
1.00503300000002	82.0720000001251
1.00505363352273	82.0077727273367
1.00507426704547	81.9435454545799
1.00509490056818	81.8793181818867
1.00511553409091	81.8150909092140
1.00513616761361	81.7508636364307
1.00515680113638	81.6866363636496
1.00517743465903	81.6224090910587
1.00519806818183	81.5581818182395
1.00521870170454	81.4939545455003
1.00523933522731	81.4297272727407
1.00525996875001	81.3655000000377
1.00528060227268	81.3012727274152
1.00530123579546	81.2370454545982
1.00532186931819	81.1728181818653
1.00534250284090	81.1085909091730
1.00536313636365	81.0443636364121
1.00538376988638	80.9801363637576
1.00540440340908	80.9159090909695
1.00549937259610	80.8591153847192
1.00700343269229	80.9432307691914
1.00850749278844	81.0273461538061
1.01001155288459	81.1114615384218
1.01151561298075	81.1955769230351
1.01301967307693	81.2796923076562
1.01452373317304	81.3638076922658
1.01602779326922	81.4479230768862
1.01753185336536	81.5320384614983
1.01903591346152	81.6161538461143
1.02053997355768	81.7002692307305
1.02204403365382	81.7843846153457
1.02354809374998	81.8684999999606
1.02505215384612	81.9526153845743
1.02655621394231	82.0367307691944
1.02806027403842	82.1208461538037
1.02956433413456	82.2049615384188
1.03106839423079	82.2890769230403
1.03257245432692	82.3731923076561
1.03407651442306	82.4573076922694
1.03558057451923	82.5414230768878
1.03708463461537	82.6255384614998
1.03725175240380	82.6348846153427
1.03754427403845	82.5871318682023
1.03768535336539	82.5228956044563
1.03782643269232	82.4586593407241
1.03796751201923	82.3944230769824
1.03810859134616	82.3301868132457
1.03824967067309	82.2659505495183
1.03839075000001	82.2017142857768
1.03853182932694	82.1374780220373
1.03867290865383	82.0732417582961
1.03881398798074	82.0090054945635
1.03895506730770	81.9447692308327
1.03909614663466	81.8805329670980
1.03923722596155	81.8162967033577
1.03937830528850	81.7520604396203
1.03951938461538	81.6878241758869
1.03966046394230	81.6235879121521
1.03980154326924	81.5593516484105
1.03994262259618	81.4951153846716
1.04008370192309	81.4308791209361
1.04022478125000	81.3666428571969
1.04036586057693	81.3024065934679
1.04050693990387	81.2381703297296
1.04064801923077	81.1739340659943
1.04078909855768	81.1096978022604
1.04093017788462	81.0454615385201
1.04107125721155	80.9812252747845
1.04121233653847	80.9169890110518
1.04135341586538	80.8527527473132
1.04149449519231	80.7885164835754
1.04163557451929	80.7242802198427
1.04177665384616	80.6600439561028
1.04191773317308	80.5958076923673
1.04205881250003	80.5315714286312
1.04219989182694	80.4673351648978
1.04234097115384	80.4030989011564
1.04248205048076	80.3388626374183
1.04262312980771	80.2746263736876
1.04276420913461	80.2103901099509
1.04290528846154	80.1461538462163
1.04304636778848	80.0819175824763
1.04318744711540	80.0176813187435
1.04332852644231	79.9534450550033
1.04346960576924	79.8892087912694
1.04361068509615	79.8249725275328
1.04375176442309	79.7607362637988
1.04389284375002	79.6965000000585
1.04403392307693	79.6322637363264
1.04417500240385	79.5680274725858
1.04431608173076	79.5037912088483
1.04445716105770	79.4395549451138
1.04459824038461	79.3753186813771
1.04473931971152	79.3110824176423
1.04488039903849	79.2468461539087
1.04502147836538	79.1826098901717
1.04516255769232	79.1183736264340
1.04530363701923	79.0541373627020
1.04544471634615	78.9899010989597
1.04558579567308	78.9256648352244
1.04572687500002	78.8614285714877
1.04586795432692	78.7971923077543
1.04600903365386	78.7329560440147
1.04615011298078	78.6687197802811
1.04629119230770	78.6044835165450
1.04643227163464	78.5402472528110
1.04657335096153	78.4760109890700
1.04671443028846	78.4117747253345
1.04685550961540	78.3475384615967
1.04699658894233	78.2833021978618
1.04713766826924	78.2190659341261
1.04727874759614	78.1548296703881
1.04741982692307	78.0905934066495
1.04756090624999	78.0263571429153
1.04788582440474	77.9805047619895
1.04931255208333	78.0448333333052
1.05073927976189	78.1091619047323
1.05216600744049	78.1734904761626
1.05359273511904	78.2378190475900
1.05501946279760	78.3021476190171
1.05644619047619	78.3664761904478
1.05787291815478	78.4308047618778
1.05929964583334	78.4951333333051
1.06072637351189	78.5594619047317
1.06215310119044	78.6237904761588
1.06357982886902	78.6881190475875
1.06500655654761	78.7524476190181
1.06643328422618	78.8167761904462
1.06786001190478	78.8811047618785
1.06928673958331	78.9454333333035
1.07071346726188	79.0097619047302
1.07214019494048	79.0740904761639
1.07356692261906	79.1384190475938
1.07499365029760	79.2027476190183
1.07642037797617	79.2670761904453
1.07784710565472	79.3314047618729
1.07927383333333	79.3957333333043
1.08070056101192	79.4600619047357
1.08212728869050	79.5243904761643
1.08260286458333	79.5458333332967
1.08286441369046	79.4815904762497
1.08312596279762	79.4173476191090
1.08338751190476	79.3531047619659
1.08364906101195	79.2888619048263
1.08391061011905	79.2246190476800
1.08417215922618	79.1603761905358
1.08443370833335	79.0961333333953
1.08469525744047	79.0318904762516
1.08495680654763	78.9676476191077
1.08521835565474	78.9034047619660
1.08547990476191	78.8391619048228
1.08574145386905	78.7749190476806
1.08600300297617	78.7106761905349
1.08626455208334	78.6464333333944
1.08652610119049	78.5821904762533
1.08678765029759	78.5179476191037
1.08704919940478	78.4537047619688
1.08731074851191	78.3894619048245
1.08757229761908	78.3252190476816
1.08783384672621	78.2609761905394
1.08809539583334	78.1967333333934
1.08835694494049	78.1324904762500
1.08861849404762	78.0682476191071
1.08888004315475	78.0040047619653
1.08914159226191	77.9397619048225
1.08940314136906	77.8755190476804
1.08966469047620	77.8112761905365
1.08992623958332	77.7470333333935
1.09018778869047	77.6827904762496
1.09044933779762	77.6185476191103
1.09071088690475	77.5543047619629
1.09097243601191	77.4900619048228
1.09123398511903	77.4258190476777
1.09149553422618	77.3615761905359
1.09175708333333	77.2973333333960
1.09201863244048	77.2330904762504
1.09228018154763	77.1688476191079
1.09254173065479	77.1046047619672
1.09280327976190	77.0403619048215
1.09306482886904	76.9761190476792
1.09332637797615	76.9118761905334
1.09358792708334	76.8476333333933
1.09384947619047	76.7833904762495
1.09411102529757	76.7191476191087
1.09437257440478	76.6549047619667
1.09463412351191	76.5906619048226
1.09489567261909	76.5264190476884
1.09515722172618	76.4621761905371
1.09541877083333	76.3979333333939
1.09568031994051	76.3336904762521
1.09594186904763	76.2694476191079
1.09620341815478	76.2052047619676
1.09646496726188	76.1409619048176
1.09672651636906	76.0767190476809
1.09698806547620	76.0124761905385
1.09724961458332	75.9482333333918
1.09751116369049	75.8839904762524
1.09777271279764	75.8197476191079
1.09803426190477	75.7555047619692
1.09829581101190	75.6912619048205
1.09855736011907	75.6270190476781
1.09881890922619	75.5627761905362
1.09908045833335	75.4985333333949
1.09934200744050	75.4342904762517
1.09960355654762	75.3700476191076
1.09986510565477	75.3058047619639
1.10012665476192	75.2415619048242
1.10038820386907	75.1773190476783
1.10064975297618	75.1130761905343
1.10144208639700	75.1019117647065
1.10283803886558	75.1511092436780
1.10423399133406	75.2003067226646
1.10562994380250	75.2495042016576
1.10702589627102	75.2987016806512
1.10842184873947	75.3478991596367
1.10981780120803	75.3970966386392
1.11121375367644	75.4462941176209
1.11260970614498	75.4954915966188
1.11400565861346	75.5446890756091
1.11540161108195	75.5938865546010
1.11679756355039	75.6430840335864
1.11819351601897	75.6922815125921
1.11958946848742	75.7414789915771
1.12098542095591	75.7906764705701
1.12238137342439	75.8398739495610
1.12377732589287	75.8890714285490
1.12517327836134	75.9382689075392
1.12656923082985	75.9874663865331
1.12796518329833	76.0366638655251
1.12936113576681	76.0858613445150
1.13075708823532	76.1350588235094
1.13215304070381	76.1842563025024
1.13354899317229	76.2334537814917
1.13494494564075	76.2826512604808
1.13634089810924	76.3318487394721
1.13773685057775	76.3810462184682
1.13913280304623	76.4302436974571
1.13928790887609	76.4357100840195
1.13978260084032	76.3840672269675
1.14016463524159	76.3198193277891
1.14054666964286	76.2555714286295
1.14092870404412	76.1913235294715
1.14131073844535	76.1270756303060
1.14169277284665	76.0628277311525
1.14207480724790	75.9985798319958
1.14245684164916	75.9343319328344
1.14283887605042	75.8700840336735
1.14322091045169	75.8058361345154
1.14360294485295	75.7415882353538
1.14398497925421	75.6773403361948
1.14436701365546	75.6130924370352
1.14474904805674	75.5488445378759
1.14513108245799	75.4845966387171
1.14551311685923	75.4203487395559
1.14589515126049	75.3561008403954
1.14627718566181	75.2918529412418
1.14665922006301	75.2276050420786
1.14704125446433	75.1633571429188
1.14742328886554	75.0991092437578
1.14780532326681	75.0348613446000
1.14818735766806	74.9706134454381
1.14856939206934	74.9063655462800
1.14895142647060	74.8421176471188
1.14933346087184	74.7778697479586
1.14971549527311	74.7136218487989
1.15009752967436	74.6493739496391
1.15047956407563	74.5851260504806
1.15086159847689	74.5208781513200
1.15124363287814	74.4566302521604
1.15162566727942	74.3923823530016
1.15200770168069	74.3281344538449
1.15238973608192	74.2638865546810
1.15277177048320	74.1996386555214
1.15315380488444	74.1353907563634
1.15353583928567	74.0711428571999
1.15391787368698	74.0068949580439
1.15429990808825	73.9426470588860
1.15468194248948	73.8783991597244
1.15506397689076	73.8141512605656
1.15544601129204	73.7499033614083
1.15582804569328	73.6856554622462
1.15621008009454	73.6214075630861
1.15659211449580	73.5571596639263
1.15697414889707	73.4929117647683
1.15735618329832	73.4286638656079
1.15773821769960	73.3644159664485
1.15812025210085	73.3001680672877
1.15850228650213	73.2359201681288
1.15888432090336	73.1716722689677
1.15926635530463	73.1074243698100
1.15964838970587	73.0431764706484
1.16003042410716	72.9789285714888
1.16041245850841	72.9146806723311
1.16079449290965	72.8504327731690
1.16117652731092	72.7861848740106
1.16155856171217	72.7219369748497
1.16194059611344	72.6576890756921
1.16232263051472	72.5934411765328
1.16270466491597	72.5291932773716
1.16308669931723	72.4649453782116
1.16346873371850	72.4006974790540
1.16385076811975	72.3364495798933
1.16423280252104	72.2722016807353
1.16461483692225	72.2079537815725
1.16558244407893	72.2022631578992
1.16697947626878	72.2395150375763
1.16837650845864	72.2767669172776
1.16977354064845	72.3140187969725
1.17117057283835	72.3512706766761
1.17256760502819	72.3885225563745
1.17396463721803	72.4257744360720
1.17536166940789	72.4630263157736
1.17675870159774	72.5002781954725
1.17815573378757	72.5375300751694
1.17955276597746	72.5747819548754
1.18094979816727	72.6120338345681
1.18234683035713	72.6492857142695
1.18374386254700	72.6865375939700
1.18514089473679	72.7237894736621
1.18653792692668	72.7610413533667
1.18793495911655	72.7982932330670
1.18933199130638	72.8355451127656
1.19072902349628	72.8727969924713
1.19212605568608	72.9100488721637
1.19352308787595	72.9473007518640
1.19492012006577	72.9845526315610
1.19631715225564	73.0218045112613
1.19771418444547	73.0590563909590
1.19911121663532	73.0963082706593
1.20050824882517	73.1335601503577
1.20190528101504	73.1708120300598
1.20330231320489	73.2080639097586
1.20469934539473	73.2453157894567
1.20609637758455	73.2825676691531
1.20749340977452	73.3198195488683
1.20795908717104	73.3322368420827
1.20846161748122	73.2679849624684
1.20896414779136	73.2037330827680
1.20946667810153	73.1394812030712
1.20996920841166	73.0752293233670
1.21047173872181	73.0109774436705
1.21097426903194	72.9467255639681
1.21147679934211	72.8824736842719
1.21197932965224	72.8182218045716
1.21248185996240	72.7539699248721
1.21298439027256	72.6897180451735
1.21348692058271	72.6254661654749
1.21398945089285	72.5612142857748
1.21449198120300	72.4969624060773
1.21499451151316	72.4327105263774
1.21549704182331	72.3684586466787
1.21599957213345	72.3042067669780
1.21650210244360	72.2399548872774
1.21700463275375	72.1757030075795
1.21750716306392	72.1114511278813
1.21800969337408	72.0471992481808
1.21851222368421	71.9829473684809
1.21901475399437	71.9186954887860
1.21951728430456	71.8544436090853
1.22001981461469	71.7901917293869
1.22052234492482	71.7259398496840
1.22102487523497	71.6616879699856
1.22152740554512	71.5974360902878
1.22202993585525	71.5331842105864
1.22253246616541	71.4689323308879
1.22303499647556	71.4046804511873
1.22353752678572	71.3404285714901
1.22404005709586	71.2761766917899
1.22454258740603	71.2119248120927
1.22504511771616	71.1476729323917
1.22554764802631	71.0834210526928
1.22605017833646	71.0191691729932
1.22655270864662	70.9549172932947
1.22705523895677	70.8906654135935
1.22755776926690	70.8264135338951
1.22806029957704	70.7621616541947
1.22856282988723	70.6979097744994
1.22906536019738	70.6336578947998
1.22956789050752	70.5694060150994
1.23007042081767	70.5051541354001
1.23057295112782	70.4409022557009
1.23107548143797	70.3766503760020
1.23157801174811	70.3123984963023
1.23208054205829	70.2481466166049
1.23258307236842	70.1838947369026
1.23308560267858	70.1196428572044
1.23358813298872	70.0553909775056
1.23409066329887	69.9911390978044
1.23459319360904	69.9268872181074
1.23509572391915	69.8626353384054
1.23559825422929	69.7983834587056
1.23610078453949	69.7341315790113
1.23660331484962	69.6698796993097
1.23710584515977	69.6056278196093
1.23760837546992	69.5413759399114
1.23811090578009	69.4771240602135
1.23861343609023	69.4128721805111
1.23911596640039	69.3486203008162
1.23961849671053	69.2843684211142
1.24095901126692	69.3039149659700
1.24237987670065	69.3314965986260
1.24380074213432	69.3590782312793
1.24522160756802	69.3866598639339
1.24664247300168	69.4142414965863
1.24806333843532	69.4418231292356
1.24948420386902	69.4694047618922
1.25090506930268	69.4969863945430
1.25232593473637	69.5245680271998
1.25374680017001	69.5521496598465
1.25516766560372	69.5797312925039
1.25658853103740	69.6073129251598
1.25800939647106	69.6348945578113
1.25943026190474	69.6624761904633
1.26085112733843	69.6900578231184
1.26227199277208	69.7176394557697
1.26369285820575	69.7452210884206
1.26511372363943	69.7728027210745
1.26653458907307	69.8003843537256
1.26795545450676	69.8279659863784
1.26937631994044	69.8555476190344
1.27079718537414	69.8831292516903
1.27221805080782	69.9107108843433
1.27363891624145	69.9382925169901
1.27505978167517	69.9658741496488
1.27648064710885	69.9934557823026
1.27790151254250	70.0210374149534
1.27932237797616	70.0486190476058
1.28074324340979	70.0762006802525
1.28216410884350	70.1037823129102
1.28358497427718	70.1313639455663
1.28500583971087	70.1589455782202
1.28642670514459	70.1865272108805
1.28784757057818	70.2141088435215
1.28800544451533	70.2171734693841
1.28871712627546	70.1631224490583
1.28934016007651	70.0988673469994
1.28996319387756	70.0346122449616
1.29058622767854	69.9703571429164
1.29120926147958	69.9061020408783
1.29183229528062	69.8418469388382
1.29245532908162	69.7775918367967
1.29307836288268	69.7133367347605
1.29370139668366	69.6490816327155
1.29432443048468	69.5848265306733
1.29494746428570	69.5205714286325
1.29557049808671	69.4563163265915
1.29619353188775	69.3920612245521
1.29681656568879	69.3278061225104
1.29743959948974	69.2635510204652
1.29806263329082	69.1992959184299
1.29868566709185	69.1350408163890
1.29930870089285	69.0707857143488
1.29993173469387	69.0065306123055
1.30055476849489	68.9422755102641
1.30117780229589	68.8780204082210
1.30180083609694	68.8137653061854
1.30242386989795	68.7495102041435
1.30304690369896	68.6852551021027
1.30366993749997	68.6210000000599
1.30429297130102	68.5567448980224
1.30491600510205	68.4924897959811
1.30553903890308	68.4282346939415
1.30616207270409	68.3639795919005
1.30678510650508	68.2997244898558
1.30740814030611	68.2354693878157
1.30803117410722	68.1712142857884
1.30865420790810	68.1069591837286
1.30927724170918	68.0427040816957
1.30990027551019	67.9784489796512
1.31052330931124	67.9141938776148
1.31114634311224	67.8499387755707
1.31176937691328	67.7856836735320
1.31239241071429	67.7214285714914
1.31301544451530	67.6571734694488
1.31363847831632	67.5929183674090
1.31426151211734	67.5286632653667
1.31488454591838	67.4644081633305
1.31550757971939	67.4001530612869
1.31613061352038	67.3358979592432
1.31675364732144	67.2716428572036
1.31737668112242	67.2073877551624
1.31799971492344	67.1431326531216
1.31862274872448	67.0788775510819
1.31924578252553	67.0146224490449
1.31986881632666	66.9503673470134
1.32049185012752	66.8861122449590
1.32111488392857	66.8218571429222
1.32173791772959	66.7576020408767
1.32236095153059	66.6933469388379
1.32298398533163	66.6290918367958
1.32360701913265	66.5648367347584
1.32423005293362	66.5005816327114
1.32485308673467	66.4363265306758
1.32550040624998	66.3745000000607
1.32696192274840	66.3940931676913
1.32842343924685	66.4136863353935
1.32988495574531	66.4332795030982
1.33134647224382	66.4528726708082
1.33280798874221	66.4724658385025
1.33426950524064	66.4920590062020
1.33573102173914	66.5116521739107
1.33719253823753	66.5312453416038
1.33865405473599	66.5508385093088
1.34011557123444	66.5704316770100
1.34157708773285	66.5900248447074
1.34303860423136	66.6096180124174
1.34450012072981	66.6292111801196
1.34596163722824	66.6488043478191
1.34742315372670	66.6683975155224
1.34888467022512	66.6879906832225
1.35034618672355	66.7075838509220
1.35180770322206	66.7271770186325
1.35326921972047	66.7467701863284
1.35473073621890	66.7663633540278
1.35619225271734	66.7859565217280
1.35765376921579	66.8055496894315
1.35911528571425	66.8251428571348
1.36057680221269	66.8447360248336
1.36203831871113	66.8643291925348
1.36349983520961	66.8839223602419
1.36496135170803	66.9035155279410
1.36642286820650	66.9231086956451
1.36788438470493	66.9427018633411
1.36934590120343	66.9622950310519
1.37080741770183	66.9818881987478
1.37226893420028	67.0014813664506
1.37373045069877	67.0210745341569
1.37519196719719	67.0406677018567
1.37665348369563	67.0602608695583
1.37811500019410	67.0798540372632
1.37957651669254	67.0994472049628
1.38006368885867	67.1059782608592
1.38080723175464	67.0417204969573
1.38155077465060	66.9774627329810
1.38229431754659	66.9132049690073
1.38303786044253	66.8489472050300
1.38378140333850	66.7846894410570
1.38452494623448	66.7204316770828
1.38526848913045	66.6561739131092
1.38601203202642	66.5919161491335
1.38675557492235	66.5276583851562
1.38749911781831	66.4634006211800
1.38824266071428	66.3991428572042
1.38898620361024	66.3348850932312
1.38972974650616	66.2706273292493
1.39047328940215	66.2063695652805
1.39121683229812	66.1421118013038
1.39196037519409	66.0778540373299
1.39270391809005	66.0135962733526
1.39344746098604	65.9493385093806
1.39419100388199	65.8850807454037
1.39493454677794	65.8208229814270
1.39567808967392	65.7565652174526
1.39642163256985	65.6923074534732
1.39716517546584	65.6280496895024
1.39790871836181	65.5637919255292
1.39865226125778	65.4995341615546
1.39939580415370	65.4352763975750
1.40013934704969	65.3710186336010
1.40088288994564	65.3067608696264
1.40162643284161	65.2425031056505
1.40236997573756	65.1782453416752
1.40311351863355	65.1139875777025
1.40385706152949	65.0497298137259
1.40460060442547	64.9854720497517
1.40534414732141	64.9212142857737
1.40608769021737	64.8569565217975
1.40683123311334	64.7926987578243
1.40757477600931	64.7284409938495
1.40831831890525	64.6641832298708
1.40906186180120	64.5999254658953
1.40980540469720	64.5356677019248
1.41054894759314	64.4714099379465
1.41129249048912	64.4071521739746
1.41203603338503	64.3428944099929
1.41277957628108	64.2786366460239
1.41352311917701	64.2143788820500
1.41426666207285	64.1501211180570
1.41501020496888	64.0858633540901
1.41575374786487	64.0216055901202
1.41649729076073	63.9573478261315
1.41724083365682	63.8930900621687
1.41798437655273	63.8288322981933
1.41872791944880	63.7645745342284
1.41947146234469	63.7003167702496
1.42021500524067	63.6360590062758
1.42095854813659	63.5718012422933
1.42170209103263	63.5075434783235
1.42273100535714	63.4718228571778
1.42424595446426	63.4847057142781
1.42576090357140	63.4975885714212
1.42727585267853	63.5104714285623
1.42879080178570	63.5233542857072
1.43030575089286	63.5362371428530
1.43182070000000	63.5491199999955
1.43333564910718	63.5620028571436
1.43485059821424	63.5748857142754
1.43636554732141	63.5877685714217
1.43788049642856	63.6006514285652
1.43939544553573	63.6135342857115
1.44091039464287	63.6264171428536
1.44242534375000	63.6392999999955
1.44394029285713	63.6521828571392
1.44545524196429	63.6650657142822
1.44697019107143	63.6779485714253
1.44848514017858	63.6908314285683
1.45000008928570	63.7037142857083
1.45151503839289	63.7165971428559
1.45302998750001	63.7294799999975
1.45454493660713	63.7423628571365
1.45605988571428	63.7552457142810
1.45757483482143	63.7681285714243
1.45908978392856	63.7810114285657
1.46060473303567	63.7938942857030
1.46211968214284	63.8067771428499
1.46363463125000	63.8196599999971
1.46514958035714	63.8325428571376
1.46666452946435	63.8454257142934
1.46817947857144	63.8583085714263
1.46969442767858	63.8711914285690
1.47120937678572	63.8840742857115
1.47272432589288	63.8969571428563
1.47423927500001	63.9098399999971
1.47575422410716	63.9227228571390
1.47726917321433	63.9356057142869
1.47878412232141	63.9484885714229
1.48029907142856	63.9613714285657
1.48181402053571	63.9742542857097
1.48332896964285	63.9871371428490
1.48349729732143	63.9885685714247
1.48443367499992	63.9328800000957
1.48529773125004	63.8686200000656
1.48616178750002	63.8043600000629
1.48702584375001	63.7401000000617
1.48788989999997	63.6758400000566
1.48875395625002	63.6115800000636
1.48961801249989	63.5473200000501
1.49048206874999	63.4830600000613
1.49134612499999	63.4188000000602
1.49221018125000	63.3545400000620
1.49307423750001	63.2902800000645
1.49393829374994	63.2260200000574
1.49480234999999	63.1617600000613
1.49566640625000	63.0975000000610
1.49653046250002	63.0332400000639
1.49739451875001	62.9689800000637
1.49825857499999	62.9047200000588
1.49912263124999	62.8404600000595
1.49998668750000	62.7762000000622
1.50085074375000	62.7119400000620
1.50171480000004	62.6476800000666
1.50257885625004	62.5834200000667
1.50344291249999	62.5191600000608
1.50430696875002	62.4549000000635
1.50517102500003	62.3906400000650
1.50603508125001	62.3263800000614
1.50689913749999	62.2621200000609
1.50776319375000	62.1978600000625
1.50862724999993	62.1336000000533
1.50949130624999	62.0693400000598
1.51035536249999	62.0050800000603
1.51121941874998	61.9408200000598
1.51208347499997	61.8765600000577
1.51294753124998	61.8123000000589
1.51381158750001	61.7480400000629
1.51467564375002	61.6837800000634
1.51553969999999	61.6195200000614
1.51640375625001	61.5552600000624
1.51726781249997	61.4910000000589
1.51813186874999	61.4267400000591
1.51899592499988	61.3624800000463
1.51985998124998	61.2982200000601
1.52072403750000	61.2339600000622
1.52158809374998	61.1697000000595
1.52245214999999	61.1054400000616
1.52331620625001	61.0411800000626
1.52418026250001	60.9769200000631
1.52504431874997	60.9126600000590
1.52590837500001	60.8484000000642
1.52677243124999	60.7841400000620
1.52763648750006	60.7198800000699
1.52850054374998	60.6556200000597
1.52936460000001	60.5913600000645
1.53057895254628	60.5621296296576
1.53215727546300	60.5692962963001
1.53373559837962	60.5764629629620
1.53531392129631	60.5836296296290
1.53689224421298	60.5907962962967
1.53847056712964	60.5979629629628
1.54004889004631	60.6051296296298
1.54162721296297	60.6122962962961
1.54320553587962	60.6194629629620
1.54478385879630	60.6266296296299
1.54636218171295	60.6337962962939
1.54794050462958	60.6409629629567
1.54951882754627	60.6481296296243
1.55109715046300	60.6552962963002
1.55267547337963	60.6624629629617
1.55425379629630	60.6696296296301
1.55583211921295	60.6767962962934
1.55741044212962	60.6839629629625
1.55898876504626	60.6911296296252
1.56056708796296	60.6982962962976
1.56214541087960	60.7054629629609
1.56372373379627	60.7126296296254
1.56530205671296	60.7197962962968
1.56688037962961	60.7269629629603
1.56845870254628	60.7341296296272
1.57003702546293	60.7412962962937
1.57161534837963	60.7484629629623
1.57319367129627	60.7556296296260
1.57477199421295	60.7627962962942
1.57635031712961	60.7699629629609
1.57792864004629	60.7771296296291
1.57950696296298	60.7842962962963
1.58108528587963	60.7914629629627
1.58266360879628	60.7986296296277
1.58424193171296	60.8057962962949
1.58582025462961	60.8129629629607
1.58739857754628	60.8201296296275
1.58897690046295	60.8272962962954
1.59055522337960	60.8344629629579
1.59213354629627	60.8416296296257
1.59371186921296	60.8487962962968
1.59529019212961	60.8559629629612
1.59686851504629	60.8631296296268
1.59844683796296	60.8702962962937
1.59897294560187	60.8726851851854
1.59995751851853	60.8084232804872
1.60094209143518	60.7441613757227
1.60192666435183	60.6798994709591
1.60291123726853	60.6156375662027
1.60389581018519	60.5513756614382
1.60488038310184	60.4871137566746
1.60586495601853	60.4228518519169
1.60684952893521	60.3585899471571
1.60783410185185	60.2943280423902
1.60881867476851	60.2300661376287
1.60980324768518	60.1658042328670
1.61078782060186	60.1015423281053
1.61177239351851	60.0372804233423
1.61275696643516	59.9730185185795
1.61374153935185	59.9087566138194
1.61472611226854	59.8444947090605
1.61571068518514	59.7802328042908
1.61669525810186	59.7159708995327
1.61767983101852	59.6517089947712
1.61866440393517	59.5874470900065
1.61964897685188	59.5231851852512
1.62063354976853	59.4589232804859
1.62161812268516	59.3946613757199
1.62260269560181	59.3303994709570
1.62358726851855	59.2661375662030
1.62457184143524	59.2018756614455
1.62555641435185	59.1376137566752
1.62654098726852	59.0733518519137
1.62752556018516	59.0090899471482
1.62851013310183	58.9448280423872
1.62949470601853	58.8805661376284
1.63047927893518	58.8163042328644
1.63146385185188	58.7520423281058
1.63244842476854	58.6877804233440
1.63343299768512	58.6235185185722
1.63441757060186	58.5592566138189
1.63540214351851	58.4949947090545
1.63638671643518	58.4307328042935
1.63737128935184	58.3664708995310
1.63835586226851	58.3022089947684
1.63934043518519	58.2379470900089
1.64032500810185	58.1736851852445
1.64130958101854	58.1094232804868
1.64229415393517	58.0451613757197
1.64327872685178	57.9808994709509
1.64426329976854	57.9166375662010
1.64524787268516	57.8523756614337
1.64623244560186	57.7881137566759
1.64721701851849	57.7238518519086
1.64820159143521	57.6595899471528
1.64974111052955	57.6508226601029
1.65139069165636	57.6530615763491
1.65304027278324	57.6553004926108
1.65468985391006	57.6575394088610
1.65633943503696	57.6597783251235
1.65798901616383	57.6620172413843
1.65963859729063	57.6642561576356
1.66128817841756	57.6664950739017
1.66293775954434	57.6687339901490
1.66458734067118	57.6709729064033
1.66623692179802	57.6732118226594
1.66788650292486	57.6754507389145
1.66953608405173	57.6776896551731
1.67118566517850	57.6799285714185
1.67283524630541	57.6821674876848
1.67448482743228	57.6844064039440
1.67613440855909	57.6866453201935
1.67778398968596	57.6888842364526
1.67943357081282	57.6911231527097
1.68108315193965	57.6933620689653
1.68273273306653	57.6956009852251
1.68438231419337	57.6978399014809
1.68603189532021	57.7000788177357
1.68768147644706	57.7023177339935
1.68933105757391	57.7045566502495
1.69098063870073	57.7067955665001
1.69263021982757	57.7090344827564
1.69427980095444	57.7112733990159
1.69592938208130	57.7135123152723
1.69757896320812	57.7157512315254
1.69922854433499	57.7179901477853
1.70087812546185	57.7202290640419
1.70252770658868	57.7224679802954
1.70417728771552	57.7247068965514
1.70582686884229	57.7269458127968
1.70747644996924	57.7291847290666
1.70912603109610	57.7314236453215
1.71077561222291	57.7336625615756
1.71242519334980	57.7359014778371
1.71407477447662	57.7381403940907
1.71572435560350	57.7403793103517
1.71737393673032	57.7426182266031
1.71902351785711	57.7448571428511
1.72067309898401	57.7470960591136
1.72232268011078	57.7493349753586
1.72397226123772	57.7515738916268
1.72562184236452	57.7538128078797
1.72580512915639	57.7540615763505
1.72697072013542	57.6971871921906
1.72807581234608	57.6329236453838
1.72918090455668	57.5686600985863
1.73028599676724	57.5043965517828
1.73139108897788	57.4401330049906
1.73249618118841	57.3758694581860
1.73360127339904	57.3116059113931
1.73470636560965	57.2473423645973
1.73581145782021	57.1830788177954
1.73691655003077	57.1188152709925
1.73802164224137	57.0545517241978
1.73912673445201	56.9902881774040
1.74023182666258	56.9260246306045
1.74133691887317	56.8617610838049
1.74244201108376	56.7974975370068
1.74354710329436	56.7332339902088
1.74465219550496	56.6689704434135
1.74575728771557	56.6047068966167
1.74686237992615	56.5404433498166
1.74796747213670	56.4761798030158
1.74907256434732	56.4119162562194
1.75017765655787	56.3476527094169
1.75128274876850	56.2833891626261
1.75238784097908	56.2191256158256
1.75349293318964	56.1548620690243
1.75459802540030	56.0905985222336
1.75570311761081	56.0263349754263
1.75680820982146	55.9620714286365
1.75791330203202	55.8978078818337
1.75901839424261	55.8335443350373
1.76012348645320	55.7692807882391
1.76122857866383	55.7050172414446
1.76233367087436	55.6407536946363
1.76343876308499	55.5764901478449
1.76454385529556	55.5122266010429
1.76564894750617	55.4479630542488
1.76675403971676	55.3836995074505
1.76785913192737	55.3194359606548
1.76896422413793	55.2551724138534
1.77006931634853	55.1909088670567
1.77117440855912	55.1266453202602
1.77227950076971	55.0623817734598
1.77338459298029	54.9981182266614
1.77448968519089	54.9338546798660
1.77559477740147	54.8695911330645
1.77669986961208	54.8053275862702
1.77780496182267	54.7410640394718
1.77950566661865	54.7363617511534
1.78123286434331	54.7343087557621
1.78296006206799	54.7322557603734
1.78468725979263	54.7302027649793
1.78641445751725	54.7281497695821
1.78814165524194	54.7260967741977
1.78986885296657	54.7240437788024
1.79159605069126	54.7219907834166
1.79332324841590	54.7199377880228
1.79505044614054	54.7178847926283
1.79677764386513	54.7158317972274
1.79850484158985	54.7137788018443
1.80023203931453	54.7117258064558
1.80195923703920	54.7096728110670
1.80368643476383	54.7076198156715
1.80541363248848	54.7055668202791
1.80714083021320	54.7035138248925
1.80886802793780	54.7014608294955
1.81059522566246	54.6994078341033
1.81232242338710	54.6973548387105
1.81404962111177	54.6953018433211
1.81577681883642	54.6932488479311
1.81750401656110	54.6911958525400
1.81923121428571	54.6891428571446
1.82095841201037	54.6870898617541
1.82268560973502	54.6850368663610
1.82441280745969	54.6829838709719
1.82614000518434	54.6809308755778
1.82786720290895	54.6788778801812
1.82959440063364	54.6768248847950
1.83132159835832	54.6747718894050
1.83304879608299	54.6727188940168
1.83477599380759	54.6706658986189
1.83650319153226	54.6686129032275
1.83823038925683	54.6665599078251
1.83995758698158	54.6645069124460
1.84168478470621	54.6624539170517
1.84341198243089	54.6604009216652
1.84513918015553	54.6583479262716
1.84686637788019	54.6562949308818
1.84859357560482	54.6542419354843
1.85032077332953	54.6521889400963
1.85204797105415	54.6501359447018
1.85377516877880	54.6480829493113
1.85550236650345	54.6460299539192
1.85722956422810	54.6439769585245
1.85895676195277	54.6419239631372
1.86068395967742	54.6398709677449
1.86241115740204	54.6378179723486
1.86413835512669	54.6357649769570
1.86471408770159	54.6350806451620
1.86593970132495	54.5708156682740
1.86716531494816	54.5065506913063
1.86839092857144	54.4422857143493
1.86961654219473	54.3780207373923
1.87084215581795	54.3137557604283
1.87206776944125	54.2494907834735
1.87329338306451	54.1852258065114
1.87451899668781	54.1209608295579
1.87574461031103	54.0566958525920
1.87697022393432	53.9924308756357
1.87819583755762	53.9281658986772
1.87942145118090	53.8639009217222
1.88064706480417	53.7996359447595
1.88187267842742	53.7353709678010
1.88309829205073	53.6711059908475
1.88432390567395	53.6068410138835
1.88554951929727	53.5425760369282
1.88677513292050	53.4783110599665
1.88800074654383	53.4140460830143
1.88922636016717	53.3497811060680
1.89045197379042	53.2855161291061
1.89167758741364	53.2212511521359
1.89290320103687	53.1569861751762
1.89412881466017	53.0927211982208
1.89535442828340	53.0284562212558
1.89658004190671	52.9641912443025
1.89780565552999	52.8999262673453
1.89903126915323	52.8356612903824
1.90025688277649	52.7713963134244
1.90148249639980	52.7071313364673
1.90270811002304	52.6428663595061
1.90393372364633	52.5786013825504
1.90515933726957	52.5143364055866
1.90638495089286	52.4500714286307
1.90761056451611	52.3858064516698
1.90883617813943	52.3215414747170
1.91006179176270	52.2572764977589
1.91128740538598	52.1930115207995
1.91251301900922	52.1287465438371
1.91373863263250	52.0644815668793
1.91496424625579	52.0002165899236
1.91618985987906	51.9359516129630
1.91632603917052	51.9288110600146
1.91646221846199	51.9216705070180
1.91659839775347	51.9145299540235
1.91673457704496	51.9073894010309
1.91687075633644	51.9002488480366
1.91700693562790	51.8931082950387
1.91714311491925	51.8859677420267
1.91727929421084	51.8788271890473
1.91741547350234	51.8716866360547
1.91755165279380	51.8645460830550
1.91768783208531	51.8574055300640
1.91782401137674	51.8502649770640
1.91796019066823	51.8431244240696
1.91809636995971	51.8359838710737
1.91823254925120	51.8288433180793
1.91841618141239	51.8264480519674
1.91861729437235	51.8258008658051
1.91881840733232	51.8251536796570
1.91901952029227	51.8245064935126
1.91922063325222	51.8238593073611
1.91942174621217	51.8232121212147
1.91962285917213	51.8225649350711
1.91982397213211	51.8219177489255
1.92002508509206	51.8212705627782
1.92022619805198	51.8206233766273
1.92042731101197	51.8199761904821
1.92062842397189	51.8193290043316
1.92082953693184	51.8186818181843
1.92103064989184	51.8180346320427
1.92123176285175	51.8173874458887
1.92143287581172	51.8167402597448
1.92163398877167	51.8160930735958
1.92183510173160	51.8154458874461
1.92203621469160	51.8147987013033
1.92223732765155	51.8141515151562
1.92243844061149	51.8135043290071
1.92263955357145	51.8128571428600
1.92284066653140	51.8122099567112
1.92304177949139	51.8115627705680
1.92324289245136	51.8109155844215
1.92344400541130	51.8102683982732
1.92364511837126	51.8096212121276
1.92384623133120	51.8089740259770
1.92404734429116	51.8083268398304
1.92424845725115	51.8076796536864
1.92444957021109	51.8070324675379
1.92465068317106	51.8063852813915
1.92485179613098	51.8057380952389
1.92505290909099	51.8050909090989
1.92525402205092	51.8044437229488
1.92545513501089	51.8037965368010
1.92565624797085	51.8031493506555
1.92585736093078	51.8025021645043
1.92605847389075	51.8018549783597
1.92625958685069	51.8012077922093
1.92646069981067	51.8005606060675
1.92666181277062	51.7999134199165
1.92686292573060	51.7992662337732
1.92706403869053	51.7986190476240
1.92726515165048	51.7979718614736
1.92746626461041	51.7973246753249
1.92766737757039	51.7966774891825
1.92786849053033	51.7960303030326
1.92806960349028	51.7953831168859
1.92827071645023	51.7947359307393
1.92847182941022	51.7940887445949
1.92867294237014	51.7934415584450
1.92887405533011	51.7927943722955
1.92907516829009	51.7921471861511
1.92927628125005	51.7915000000035
1.92947739421003	51.7908528138605
1.92967850716994	51.7902056277073
1.92987962012993	51.7895584415662
1.93008073308988	51.7889112554151
1.93028184604982	51.7882640692665
1.93048295900978	51.7876168831190
1.93068407196974	51.7869696969746
1.93088518492973	51.7863225108307
1.93108629788965	51.7856753246802
1.93128741084959	51.7850281385291
1.93148852380961	51.7843809523910
1.93168963676954	51.7837337662403
1.93189074972947	51.7830865800884
1.93209186268938	51.7824393939340
1.93229297564938	51.7817922077948
1.93249408860934	51.7811450216478
1.93269520156937	51.7804978355114
1.93289631452923	51.7798506493508
1.93309742748923	51.7792034632089
1.93329854044917	51.7785562770600
1.93349965340913	51.7779090909125
1.93370076636906	51.7772619047634
1.93390187932906	51.7766147186206
1.93410299228897	51.7759675324688
1.93430410524895	51.7753203463240
1.93450521820896	51.7746731601851
1.93470633116887	51.7740259740309
1.93490744412880	51.7733787878800
1.93510855708876	51.7727316017341
1.93530967004874	51.7720844155883
1.93551078300867	51.7714372294367
1.93571189596864	51.7707900432923
1.93591300892862	51.7701428571460
1.93611412188854	51.7694956709957
1.93631523484848	51.7688484848441
1.93651634780847	51.7682012987038
1.93671746076847	51.7675541125620
1.93691857372843	51.7669069264162
1.93711968668833	51.7662597402610
1.93732079964832	51.7656125541194
1.93752191260830	51.7649653679780
1.93772302556821	51.7643181818213
1.93792413852815	51.7636709956724
1.93812525148816	51.7630238095306
1.93832636444808	51.7623766233815
1.93852747740803	51.7617294372334
1.93872859036802	51.7610822510872
1.93892970332798	51.7604350649393
1.93913081628794	51.7597878787947
1.93933192924794	51.7591406926519
1.93953304220782	51.7584935064961
1.93973415516781	51.7578463203527
1.93993526812772	51.7571991341992
1.94013638108773	51.7565519480584
1.94033749404768	51.7559047619120
1.94053860700762	51.7552575757635
1.94073971996756	51.7546103896142
1.94094083292751	51.7539632034676
1.94114194588753	51.7533160173264
1.94134305884745	51.7526688311754
1.94154417180738	51.7520216450243
1.94174528476733	51.7513744588753
1.94194639772731	51.7507272727309
1.94214751068726	51.7500800865821
1.94234862364726	51.7494329004410
1.94254973660719	51.7487857142898
1.94275084956716	51.7481385281450
1.94295196252711	51.7474913419985
1.94315307548708	51.7468441558506
1.94335418844702	51.7461969697025
1.94355530140695	51.7455497835515
1.94375641436692	51.7449025974065
1.94395752732689	51.7442554112609
1.94415864028683	51.7436082251114
1.94435975324680	51.7429610389663
1.94456086620674	51.7423138528173
1.94476197916667	51.7416666666660
1.94496309212666	51.7410194805253
1.94516420508661	51.7403722943768
1.94536531804656	51.7397251082284
1.94556643100652	51.7390779220819
1.94576754396647	51.7384307359337
1.94596865692643	51.7377835497866
1.94616976988640	51.7371363636424
1.94637088284633	51.7364891774930
1.94657199580631	51.7358419913482
1.94677310876623	51.7351948051957
1.94697422172618	51.7345476190464
1.94717533468621	51.7339004329084
1.94737644764616	51.7332532467593
1.94757756060612	51.7326060606128
1.94777867356605	51.7319588744617
1.94797978652603	51.7313116883186
1.94818089948595	51.7306645021665
1.94838201244591	51.7300173160178
1.94858312540591	51.7293701298795
1.94878423836585	51.7287229437291
1.94898535132583	51.7280757575820
1.94918646428578	51.7274285714356
1.94938757724571	51.7267813852848
1.94958869020570	51.7261341991424
1.94978980316573	51.7254870130058
1.94999091612559	51.7248398268438
1.95019202908555	51.7241926406971
1.95039314204548	51.7235454545470
1.95059425500545	51.7228982684036
1.95079536796539	51.7222510822525
1.95099648092549	51.7216038961257
1.95119759388534	51.7209567099632
1.95139870684528	51.7203095238137
1.95159981980525	51.7196623376677
1.95180093276521	51.7190151515212
1.95200204572515	51.7183679653732
1.95220315868510	51.7177207792229
1.95240427164505	51.7170735930750
1.95260538460503	51.7164264069296
1.95280649756499	51.7157792207847
1.95300761052492	51.7151320346335
1.95320872348489	51.7144848484897
1.95340983644477	51.7138376623322
1.95361094940479	51.7131904761924
1.95381206236478	51.7125432900510
1.95401317532470	51.7118961038973
1.95421428828467	51.7112489177513
1.95441540124464	51.7106017316056
1.95461651420454	51.7099545454502
1.95481762716454	51.7093073593122
1.95501874012450	51.7086601731648
1.95521985308448	51.7080129870180
1.95542096604443	51.7073658008692
1.95562207900438	51.7067186147212
1.95582319196438	51.7060714285787
1.95602430492429	51.7054242424254
1.95622541788426	51.7047770562798
1.95642653084426	51.7041298701418
1.95662764380417	51.7034826839868
1.95682875676414	51.7028354978410
1.95702986972405	51.7021883116853
1.95723098268401	51.7015411255418
1.95743209564403	51.7008939394019
1.95763320860397	51.7002467532506
1.95783432156393	51.6995995671067
1.95803543452388	51.6989523809587
1.95823654748388	51.6983051948168
1.95843766044377	51.6976580086630
1.95863877340373	51.6970108225156
1.95883988636368	51.6963636363675
1.95904099932361	51.6957164502191
1.95924211228360	51.6950692640733
1.95944322524356	51.6944220779278
1.95964433820352	51.6937748917791
1.95984545116344	51.6931277056285
1.96004656412349	51.6924805194918
1.96024767708337	51.6918333333372
1.96044879004336	51.6911861471924
1.96064990300335	51.6905389610506
1.96085101596326	51.6898917748959
1.96105212892324	51.6892445887507
1.96125324188316	51.6885974025973
1.96145435484317	51.6879502164572
1.96165546780311	51.6873030303103
1.96185658076301	51.6866558441531
1.96205769372305	51.6860086580155
1.96225880668298	51.6853614718668
1.96245991964288	51.6847142857115
1.96266103260288	51.6840670995699
1.96286214556281	51.6834199134227
1.96306325852274	51.6827727272710
1.96326437148273	51.6821255411293
1.96346548444271	51.6814783549831
1.96366659740271	51.6808311688440
1.96386771036261	51.6801839826890
1.96406882332256	51.6795367965415
1.96426993628249	51.6788896103889
1.96447104924243	51.6782424242407
1.96467216220241	51.6775952380973
1.96487327516240	51.6769480519548
1.96507438812236	51.6763008658087
1.96527550108229	51.6756536796580
1.96547661404219	51.6750064935026
1.96567772700221	51.6743593073623
1.96587883996221	51.6737121212208
1.96607995292213	51.6730649350687
1.96628106588210	51.6724177489233
1.96648217884202	51.6717705627707
1.96668329180202	51.6711233766309
1.96688440476199	51.6704761904844
1.96708551772191	51.6698290043303
1.96728663068187	51.6691818181857
1.96748774364184	51.6685346320387
1.96768885660180	51.6678874458902
1.96788996956176	51.6672402597471
1.96809108252169	51.6665930735947
1.96829219548166	51.6659458874490
1.96849330844162	51.6652987013042
1.96869442140157	51.6646515151558
1.96889553436153	51.6640043290072
1.96909664732149	51.6633571428584
1.96929776028144	51.6627099567132
1.96949887324139	51.6620627705647
1.96969998620135	51.6614155844185
1.96990109916134	51.6607683982756
1.97010221212129	51.6601212121265
1.97030332508123	51.6594740259786
1.97050443804115	51.6588268398257
1.97070555100114	51.6581796536835
1.97090666396112	51.6575324675404
1.97110777692108	51.6568852813943
1.97130888988102	51.6562380952441
1.97151000284096	51.6555909090941
1.97171111580102	51.6549437229608
1.97191222876088	51.6542965368009
1.97211334172084	51.6536493506563
1.97231445468079	51.6530021645052
1.97251556764075	51.6523549783598
1.97271668060069	51.6517077922090
1.97291779356061	51.6510606060575
1.97311890652064	51.6504134199208
1.97332001948061	51.6497662337719
1.97352113244055	51.6491190476242
1.97372224540049	51.6484718614762
1.97392335836046	51.6478246753292
1.97412447132039	51.6471774891782
1.97432558428036	51.6465303030348
1.97452669724035	51.6458831168919
1.97472781020031	51.6452359307441
1.97492892316026	51.6445887445951
1.97513003612019	51.6439415584428
1.97533114908022	51.6432943723091
1.97553226204011	51.6426471861521
1.97573337500011	51.6420000000112
1.97593448796001	51.6413528138548
1.97613560091998	51.6407056277111
1.97633671387990	51.6400584415586
1.97653782683980	51.6394112554045
1.97673893979980	51.6387640692627
1.97694005275980	51.6381168831218
1.97714116571973	51.6374696969701
1.97734227867972	51.6368225108278
1.97754339163967	51.6361753246796
1.97774450459956	51.6355281385237
1.97794561755963	51.6348809523895
1.97814673051957	51.6342337662406
1.97834784347955	51.6335865800978
1.97854895643948	51.6329393939451
1.97875006939944	51.6322922077988
1.97895118235938	51.6316450216481
1.97915229531932	51.6309978355001
1.97935340827929	51.6303506493541
1.97955452123925	51.6297034632086
1.97975563419921	51.6290562770610
1.97995674715916	51.6284090909134
1.98015786011901	51.6277619047518
1.98035897307910	51.6271147186222
1.98056008603901	51.6264675324674
1.98076119899895	51.6258203463196
1.98096231195896	51.6251731601759
1.98116342491889	51.6245259740290
1.98136453787893	51.6238787878917
1.98156565083881	51.6232316017326
1.98176676379879	51.6225844155918
1.98196787675866	51.6219372294318
1.98216898971869	51.6212900432931
1.98237010267864	51.6206428571459
1.98257121563849	51.6199956709853
1.98277232859855	51.6193484848525
1.98297344155846	51.6187012986979
1.98317455451847	51.6180541125547
1.98337566747842	51.6174069264097
1.98357678043840	51.6167597402650
1.98377789339830	51.6161125541102
1.98397900635829	51.6154653679692
1.98418011931823	51.6148181818191
1.98438123227820	51.6141709956740
1.98458234523818	51.6135238095316
1.98478345819811	51.6128766233814
1.98498457115796	51.6122294372204
1.98518568411801	51.6115822510864
1.98538679707797	51.6109350649382
1.98558791003795	51.6102878787949
1.98578902299789	51.6096406926442
1.98599013595782	51.6089935064962
1.98619124891777	51.6083463203449
1.98639236187776	51.6076991342027
1.98659347483770	51.6070519480539
1.98679458779764	51.6064047619049
1.98699570075763	51.6057575757635
1.98719681371758	51.6051103896163
1.98739792667757	51.6044632034730
1.98759903963747	51.6038160173218
1.98780015259745	51.6031688311751
1.98800126555740	51.6025216450274
1.98820237851735	51.6018744588808
1.98840349147731	51.6012272727326
1.98860460443723	51.6005800865817
1.98880571739717	51.5999329004315
1.98900683035719	51.5992857142929
1.98920794331713	51.5986385281438
1.98940905627708	51.5979913419954
1.98961016923702	51.5973441558456
1.98981128219701	51.5966969697023
1.99001239515698	51.5960497835572
1.99021350811691	51.5954025974048
1.99041462107687	51.5947554112579
1.99061573403681	51.5941082251099
1.99081684699678	51.5934610389664
1.99101795995675	51.5928138528215
1.99121907291670	51.5921666666721
1.99142018587663	51.5915194805219
1.99162129883662	51.5908722943784
1.99182241179665	51.5902251082423
1.99202352475653	51.5895779220832
1.99222463771645	51.5889307359332
1.99242575067648	51.5882835497945
1.99262686363640	51.5876363636412
1.99282797659637	51.5869891774963
1.99302908955635	51.5863419913525
1.99323020251624	51.5856948051963
1.99343131547622	51.5850476190525
1.99363242843610	51.5844004328932
1.99383354139615	51.5837532467596
1.99403465435613	51.5831060606164
1.99423576731609	51.5824588744685
1.99443688027599	51.5818116883142
1.99463799323596	51.5811645021691
1.99483910619592	51.5805173160228
1.99504021915588	51.5798701298759
1.99524133211584	51.5792229437294
1.99544244507579	51.5785757575791
1.99564355803575	51.5779285714335
1.99584467099571	51.5772813852872
1.99604578395565	51.5766341991374
1.99624689691560	51.5759870129889
1.99644800987557	51.5753398268457
1.99664912283547	51.5746926406914
1.99685023579548	51.5740454545487
1.99705134875541	51.5733982684005
1.99725246171538	51.5727510822541
1.99745357467536	51.5721038961103
1.99765468763531	51.5714567099597
1.99785580059525	51.5708095238128
1.99805691355521	51.5701623376673
1.99825802651513	51.5695151515154
1.99845913947509	51.5688679653698
1.99866025243507	51.5682207792244
1.99886136539503	51.5675735930733
1.99906247835503	51.5669264069351
1.99926359131497	51.5662792207853
1.99946470427489	51.5656320346348
1.99966581723477	51.5649848484778
1.99986693019481	51.5643376623413
2.00006804315475	51.5636904761932
2.00026915611475	51.5630432900504
2.00047026907469	51.5623961039031
2.00067138203462	51.5617489177534
2.00087249499462	51.5611017316117
2.00107360795454	51.5604545454587
2.00127472091450	51.5598073593129
2.00147583387448	51.5591601731690
2.00167694683439	51.5585129870150
2.00187805979436	51.5578658008683
2.00207917275430	51.5572186147209
2.00228028571424	51.5565714285718
2.00248139867423	51.5559242424276
2.00268251163415	51.5552770562741
2.00288362459414	51.5546298701327
2.00308473755411	51.5539826839858
2.00328585051405	51.5533354978350
2.00348696347403	51.5526883116921
2.00368807643399	51.5520411255456
2.00388918939399	51.5513939394031
2.00409030235391	51.5507467532517
2.00429141531386	51.5500995671051
2.00449252827381	51.5494523809563
2.00469364123376	51.5488051948088
2.00489475419373	51.5481580086642
2.00509586715368	51.5475108225150
2.00529698011361	51.5468636363647
2.00549809307361	51.5462164502210
2.00569920603357	51.5455692640751
2.00590031899353	51.5449220779274
2.00610143195347	51.5442748917774
2.00630254491343	51.5436277056315
2.00650365787341	51.5429805194876
2.00670477083339	51.5423333333398
2.00690588379335	51.5416861471940
2.00710699675328	51.5410389610448
2.00730810971324	51.5403917748975
2.00750922267316	51.5397445887444
2.00771033563314	51.5390974026003
2.00791144859311	51.5384502164541
2.00811256155310	51.5378030303135
2.00831367451302	51.5371558441620
2.00851478747297	51.5365086580131
2.00871590043293	51.5358614718661
2.00891701339286	51.5352142857169
2.00911812635284	51.5345670995706
2.00931923931279	51.5339199134253
2.00952035227278	51.5332727272812
2.00972146523270	51.5326255411298
2.00992257819265	51.5319783549816
2.01012369115267	51.5313311688433
2.01032480411259	51.5306839826892
2.01052591707255	51.5300367965433
2.01072703003254	51.5293896103997
2.01092814299246	51.5287424242483
2.01112925595239	51.5280952380997
2.01133036891237	51.5274480519549
2.01153148187232	51.5268008658054
2.01173259483227	51.5261536796564
2.01193370779223	51.5255064935089
2.01213482075221	51.5248593073645
2.01233593371219	51.5242121212181
2.01253704667211	51.5235649350694
2.01273815963207	51.5229177489251
2.01293927259200	51.5222705627722
2.01314038555198	51.5216233766272
2.01334149851194	51.5209761904819
2.01354261147192	51.5203290043360
2.01374372443187	51.5196818181870
2.01394483739181	51.5190346320413
2.01414595035175	51.5183874458933
2.01434706331173	51.5177402597467
2.01454817627165	51.5170930735950
2.01474928923160	51.5164458874487
2.01495040219157	51.5157987013044
2.01501630591636	51.5154401154406
2.03637594031967	3.38762034770036e-11