a b
0	0
0.00297010526315759	0.296999999999719
0.00594021052631568	0.593999999999484
0.00891031578947356	0.890999999999506
0.0118804210526305	1.18799999999886
0.0148505263157885	1.48499999999884
0.0178206315789450	1.78199999999869
0.0207907368421043	2.07899999999872
0.0237608421052634	2.37599999999782
0.0267309473684185	2.67299999999766
0.0297010526315770	2.96999999999776
0.0326711578947356	3.26699999999776
0.0356412631578904	3.56399999999740
0.0386113684210505	3.86099999999750
0.0415814736842084	4.15799999999777
0.0445515789473655	4.45499999999747
0.0475216842105232	4.75199999999558
0.0504917894736828	5.04899999999545
0.0534618947368345	5.34599999999472
0.0564319999999918	5.64299999999497
0.0594021052631509	5.93999999999530
0.0623722105263113	6.23699999999547
0.0653423157894635	6.53399999999464
0.0683124210526184	6.83099999999449
0.0712825263157805	7.12799999999469
0.0742526315789385	7.42499999999470
0.0772227368420940	7.72199999999457
0.0801928421052522	8.01899999999467
0.0831629473684101	8.31599999999446
0.0861330526315759	8.61299999999492
0.0891031578947292	8.90999999999523
0.0920732631578887	9.20699999999510
0.0950433684210568	9.50399999999629
0.0980134736841983	9.80099999999025
0.100983578947364	10.0979999999907
0.103953684210526	10.3949999999912
0.106923789473679	10.6919999999907
0.109893894736836	10.9889999999911
0.112863999999990	11.2859999999903
0.115834105263160	11.5829999999914
0.118804210526319	11.8799999999919
0.121774315789478	12.1769999999914
0.124744421052630	12.4739999999910
0.127714526315794	12.7709999999924
0.130684631578947	13.0679999999913
0.133654736842102	13.3649999999905
0.136624842105259	13.6619999999918
0.139594947368430	13.9589999999925
0.142565052631578	14.2559999999923
0.145535157894734	14.5529999999910
0.148505263157890	14.8499999999912
0.151475368421045	15.1469999999908
0.154445473684209	15.4439999999911
0.157415578947372	15.7409999999922
0.160385684210538	16.0379999999922
0.163355789473673	16.3349999999899
0.166325894736834	16.6319999999892
0.169296000000000	16.9289999999907
0.172266105263160	17.2259999999910
0.175236210526307	17.5229999999908
0.178206315789456	17.8199999999894
0.181176421052614	18.1169999999900
0.184146526315794	18.4139999999928
0.187116631578947	18.7109999999827
0.190086736842093	19.0079999999891
0.193056842105257	19.3049999999813
0.196026947368417	19.6019999999816
0.198997052631584	19.8989999999830
0.201967157894718	20.1959999999810
0.204937263157881	20.4929999999808
0.207907368421048	20.7899999999819
0.210877473684190	21.0869999999808
0.213847578947371	21.3839999999840
0.216817684210510	21.6809999999814
0.219787789473654	21.9779999999786
0.222757894736831	22.2749999999813
0.225727999999989	22.5719999999811
0.228698105263138	22.8689999999821
0.231668210526287	23.1659999999808
0.234638315789479	23.4629999999819
0.237608421052599	23.7599999999792
0.240578526315765	24.0569999999811
0.243548631578902	24.3539999999767
0.246518736842089	24.6509999999809
0.249488842105219	24.9479999999792
0.252458947368408	25.2449999999821
0.255429052631558	25.5419999999814
0.258399157894725	25.8389999999820
0.261369263157888	26.1359999999832
0.264339368421038	26.4329999999817
0.267309473684183	26.7299999999818
0.270279578947363	27.0269999999816
0.273249684210524	27.3239999999828
0.276219789473680	27.6209999999830
0.279189894736797	27.9179999999762
0.282159999999952	28.2149999999784
0.285130105263137	28.5119999999809
0.288100210526301	28.8089999999805
0.291070315789444	29.1059999999793
0.294040421052617	29.4029999999810
0.297010526315775	29.6999999999822
0.299980631578900	29.9969999999761
0.302950736842102	30.2939999999838
0.305920842105233	30.5909999999785
0.308890947368395	30.8879999999798
0.311861052631580	31.1849999999828
0.314831157894711	31.4819999999804
0.317801263157862	31.7789999999785
0.320771368421023	32.0759999999808
0.323741473684138	32.3729999999771
0.326711578947289	32.6699999999734
0.329681684210453	32.9669999999752
0.332651789473658	33.2639999999789
0.335621894736795	33.5609999999768
0.338591999999988	33.8579999999838
0.341562105263088	34.1549999999775
0.344532210526271	34.4519999999802
0.347502315789440	34.7489999999787
0.350472421052572	35.0459999999772
0.353442526315751	35.3429999999787
0.356412631578912	35.6399999999793
0.359382736842079	35.9369999999756
0.362352842105207	36.2339999999793
0.365322947368346	36.5309999999740
0.368293052631543	36.8279999999811
0.371263157894671	37.1249999999594
0.374233263157821	37.4219999999751
0.377203368420984	37.7189999999755
0.380173473684136	38.0159999999602
0.383143578947290	38.3129999999754
0.386113684210439	38.6099999999590
0.389083789473591	38.9069999999566
0.392053894736749	39.2039999999587
0.395023999999985	39.5009999999653
0.397994105263093	39.7979999999594
0.400964210526267	40.0949999999604
0.403934315789410	40.3919999999595
0.406904421052540	40.6889999999558
0.409874526315700	40.9859999999561
0.412844631578887	41.2829999999584
0.415814736842028	41.5799999999578
0.418784842105147	41.8769999999521
0.421754947368350	42.1739999999570
0.424725052631462	42.4709999999545
0.427695157894642	42.7679999999565
0.430665263157772	43.0649999999558
0.433635368420936	43.3619999999559
0.436605473684095	43.6589999999569
0.439575578947238	43.9559999999521
0.442545684210402	44.2529999999551
0.445515789473580	44.5499999999553
0.448485894736722	44.8469999999543
0.451455999999918	45.1439999999585
0.454426105263036	45.4409999999530
0.457396210526171	45.7379999999499
0.460366315789328	46.0349999999498
0.463336421052494	46.3319999999521
0.466306526315632	46.6289999999479
0.469276631578784	46.9259999999504
0.472246736841968	47.2229999999519
0.475216842105090	47.5199999999493
0.478186947368216	47.8169999999455
0.481157052631388	48.1139999999473
0.484127157894538	48.4109999999495
0.487097263157740	48.7079999999483
0.490067368420901	49.0049999999494
0.493037473684011	49.3019999999464
0.496007578947135	49.5989999999461
0.498977684210358	49.8959999999533
0.501947789473510	50.1929999999455
0.504917894736618	50.4899999999401
0.507887999999825	50.7869999999492
0.510858105262996	51.0839999999494
0.513828210526130	51.3809999999457
0.516798315789200	51.6779999999379
0.519768421052418	51.9749999999436
0.522738526315591	52.2719999999487
0.525708631578699	52.5689999999428
0.528678736841910	52.8659999999458
0.531648842105007	53.1629999999405
0.534618947368164	53.4599999999365
0.537589052631381	53.7569999999459
0.540559157894467	54.0539999999395
0.543529263157635	54.3509999999384
0.546499368420815	54.6479999999428
0.549469473684028	54.9449999999523
0.552439578947150	55.2419999999457
0.555409684210358	55.5389999999497
0.558379789473472	55.8359999999462
0.561349894736598	56.1329999999424
0.564319999999764	56.4299999999424
0.567290105262989	56.7269999999487
0.570260210526103	57.0239999999460
0.573230315789242	57.3209999999434
0.576200421052430	57.6179999999449
0.579170526315618	57.9149999999460
0.582140631578788	58.2119999999504
0.585110736841906	58.5089999999434
0.588080842105109	58.8059999999519
0.591050947368258	59.1029999999494
0.594021052631406	59.3999999999475
0.596991157894563	59.6969999999479
0.599961263157600	59.9939999999342
0.602931368420843	60.2909999999462
0.605901473684027	60.5879999999508
0.608871578947200	60.8849999999493
0.611841684210361	61.1819999999463
0.614811789473474	61.4789999999445
0.617781894736677	61.7759999999481
0.620751999999820	62.0729999999484
0.623722105262978	62.3699999999499
0.626692210526143	62.6669999999491
0.629662315789343	62.9639999999481
0.632632421052465	63.2609999999501
0.635602526315720	63.5579999999595
0.638572631578765	63.8549999999459
0.641542736841954	64.1519999999487
0.644512842105171	64.4489999999545
0.647482947368300	64.7459999999521
0.650453052631404	65.0429999999513
0.653423157894624	65.3399999999506
0.656393263157760	65.6369999999514
0.659363368420902	65.9339999999534
0.662333473684099	66.2309999999555
0.665303578947219	66.5279999999537
0.668273684210381	66.8249999999522
0.671243789473509	67.1219999999470
0.674213894736605	67.4189999999451
0.677183999999833	67.7159999999512
0.680154105263011	68.0129999999491
0.683124210526161	68.3099999999486
0.686094315789280	68.6069999999496
0.689064421052475	68.9039999999496
0.692034526315602	69.2009999999496
0.695004631578844	69.4979999999577
0.697974736841902	69.7949999999479
0.700944842105078	70.0919999999447
0.703914947368307	70.3889999999561
0.706885052631363	70.6859999999472
0.709855157894638	70.9829999999508
0.712825263157792	71.2799999999608
0.715795368420905	71.5769999999518
0.718765473684058	71.8739999999480
0.721735578947281	72.1709999999570
0.724705684210364	72.4679999999488
0.727675789473504	72.7649999999504
0.730645894736654	73.0619999999522
0.733615999999857	73.3589999999457
0.736586105262958	73.6559999999466
0.739556210526118	73.9529999999495
0.742526315789252	74.2499999999461
0.745496421052348	74.5469999999045
0.748466526315587	74.8439999999468
0.751436631578798	75.1409999999503
0.754406736841961	75.4379999999540
0.757376842105065	75.7349999999154
0.760346947368252	76.0319999999496
0.763317052631433	76.3289999999472
0.766287157894546	76.6259999999137
0.769257263157693	76.9229999999136
0.772227368420915	77.2199999999508
0.775197473684008	77.5169999999143
0.778167578947205	77.8139999999163
0.781137684210339	78.1109999999185
0.784107789473559	78.4079999999205
0.787077894736613	78.7049999999068
0.790047999999769	79.0019999999055
0.793018105262964	79.2989999999084
0.795988210526094	79.5959999999121
0.798958315789251	79.8929999999094
0.801928421052259	80.1899999998959
0.804898526315570	80.4869999999098
0.807868631578710	80.7839999999089
0.810838736841867	81.0809999999039
0.813808842105071	81.3779999999096
0.816778947368153	81.6749999999117
0.819749052631303	81.9719999999035
0.822719157894525	82.2689999999123
0.825689263157728	82.5659999999138
0.828659368420750	82.8629999999070
0.831629473683930	83.1599999999043
0.834599578947008	83.4569999998949
0.837569684210331	83.7539999999130
0.840539789473369	84.0509999998996
0.843509894736604	84.3479999999045
0.846479999999729	84.6449999999088
0.849450105262944	84.9419999999090
0.852420210526062	85.2389999999108
0.855390315789291	85.5359999999093
0.858360421052466	85.8329999999122
0.861330526315570	86.1299999999133
0.864300631578671	86.4269999999112
0.867270736841917	86.7239999999155
0.870240842105040	87.0209999999115
0.873210947368233	87.3179999999032
0.876181052631314	87.6149999999000
0.879151157894527	87.9119999999067
0.882121263157738	88.2089999999170
0.885091368420871	88.5059999999158
0.888061473683940	88.8029999999017
0.891031578947157	89.0999999999029
0.894001684210307	89.3969999999138
0.896971789473427	89.6939999999054
0.899941894736612	89.9909999999063
0.902911999999832	90.2879999999117
0.905882105262961	90.5849999999115
0.908852210526126	90.8819999999133
0.911822315789221	91.1789999998995
0.914792421052265	91.4759999998969
0.917762526315495	91.7729999998920
0.920732631578780	92.0699999999167
0.923702736841897	92.3669999999056
0.926672842105145	92.6639999999204
0.929642947368227	92.9609999999077
0.932613052631390	93.2579999999144
0.935583157894612	93.5549999999187
0.938553263157769	93.8519999999171
0.941523368420908	94.1489999999115
0.944493473683956	94.4459999999020
0.947463578947174	94.7429999999161
0.950433684210442	95.0399999999210
0.953403789473562	95.3369999999165
0.956373894736737	95.6339999999269
0.959343999999969	95.9309999999265
0.962314105263060	96.2279999999178
0.965284210526215	96.5249999999211
0.968254315789365	96.8219999999149
0.971224421052534	97.1189999999230
0.974194526315783	97.4159999999223
0.977164631578977	97.7129999999364
0.980134736841999	98.0099999999222
0.983104842105222	98.3069999999213
0.986074947368352	98.6039999999162
0.989045052631446	98.9009999999232
0.989499428571352	98.9434285713686
0.988896812030095	98.8797857143447
0.988294195488725	98.8161428572017
0.987691578947288	98.7525000000539
0.987088962405911	98.6888571429104
0.986486345864647	98.6252142857666
0.985883729323363	98.5615714286350
0.985281112781952	98.4979285714855
0.984678496240544	98.4342857143327
0.984075879699247	98.3706428572017
0.983473263157921	98.3070000000634
0.982870646616537	98.2433571429185
0.982268030075168	98.1797142857777
0.981665413533797	98.1160714286278
0.981062796992498	98.0524285714930
0.980460180451166	97.9887857143554
0.979857563909739	97.9251428572007
0.979254947368406	97.8615000000602
0.978652330827122	97.7978571429274
0.978049714285819	97.7342142857910
0.977447097744284	97.6705714286259
0.976844481203045	97.6069285714943
0.976241864661686	97.5432857143462
0.975639248120278	97.4796428572055
0.975036631578933	97.4160000000588
0.974434015037635	97.3523571429119
0.973831398496242	97.2887142857707
0.973228781954941	97.2250714286412
0.972626165413533	97.1614285714932
0.972023548872176	97.0977857143446
0.971420932330758	97.0341428571947
0.970818315789417	96.9705000000526
0.970215699248100	96.9068571429157
0.969613082706802	96.8432142857764
0.969010466165495	96.7795714286435
0.968407849624053	96.7159285714854
0.967805233082707	96.6522857143478
0.967202616541316	96.5886428571986
0.966599999999979	96.5250000000570
0.965997383458552	96.4613571429014
0.965394766917317	96.3977142857764
0.964792150375948	96.3340714286342
0.964189533834544	96.2704285714841
0.963586917293234	96.2067857143519
0.962984300751815	96.1431428571925
0.962381684210511	96.0795000000593
0.961779067669212	96.0158571429251
0.961176451127783	95.9522142857685
0.960573834586456	95.8885714286285
0.959971218045110	95.8249285714934
0.965474649958357	96.3718905596823
0.971296319131323	96.9506762739701
0.977117988304200	97.5294619882518
0.982939657477191	98.1082477025345
0.984880213868129	98.3011762739886
0.986820770259134	98.4941048454088
0.986442729630949	98.4463241436161
0.985903496548419	98.3822527151791
0.985364263465729	98.3181812866131
0.984825030382932	98.2541098580340
0.984285797300276	98.1900384294717
0.983746564217552	98.1259670008872
0.983207331134932	98.0618955723303
0.982668098052144	97.9978241437506
0.982128864969316	97.9337527151707
0.981589631886773	97.8696812866155
0.981050398803994	97.8056098580387
0.980511165721294	97.7415384294639
0.979971932638635	97.6774670008991
0.979432699555868	97.6133955723202
0.978893466473199	97.5493241437562
0.978354233390472	97.4852527151834
0.977815000307845	97.4211812866227
0.977275767225104	97.3571098580417
0.976736534142396	97.2930384294635
0.976197301059677	97.2289670008962
0.975658067976923	97.1648955723217
0.975118834894193	97.1008241437503
0.974579601811429	97.0367527151669
0.974040368728748	96.9726812866023
0.973501135646103	96.9086098580339
0.972961902563384	96.8445384294609
0.972422669480662	96.7804670008845
0.971883436398051	96.7163955723278
0.971344203315345	96.6523241437608
0.970804970232561	96.5882527151794
0.970265737149910	96.5241812866164
0.969726504067092	96.4601098580286
0.969187270984391	96.3960384294565
0.968648037901733	96.3319670008918
0.968108804818950	96.2678955723138
0.967569571736348	96.2038241437484
0.967030338653643	96.1397527151755
0.966491105570933	96.0756812866114
0.965951872488293	96.0116098580474
0.965412639405573	95.9475384294655
0.964873406322778	95.8834670008922
0.964334173240168	95.8193955723332
0.963794940157406	95.7553241437514
0.963255707074695	95.6912527151852
0.962716473991999	95.6271812866108
0.962177240909306	95.5631098580468
0.961638007826531	95.4990384294628
0.961098774743856	95.4349670008901
0.960559541661179	95.3708955723198
0.962210555863423	95.5258488721128
0.965527608495108	95.8474060149794
0.968844661126692	96.1689631578360
0.972161713758211	96.4905203006918
0.975478766389802	96.8120774435452
0.976584450600278	96.9192631578553
0.976953012003909	96.9549917292789
0.977321573407314	96.9907203006946
0.977041211449607	96.9461120299721
0.976568790396971	96.8819548872737
0.976096369344391	96.8177977444201
0.975623948291757	96.7536406015646
0.975151527239110	96.6894834587075
0.974679106186480	96.6253263158443
0.974206685133880	96.5611691729981
0.973734264081249	96.4970120301298
0.973261843028685	96.4328548872861
0.972789421975845	96.3686977443977
0.972317000923314	96.3045406015585
0.971844579870739	96.2403834587069
0.971372158818088	96.1762263158449
0.970899737765477	96.1120691729853
0.970427316712810	96.0479120301311
0.969954895660168	95.9837548872731
0.969482474607593	95.9195977444271
0.969010053554907	95.8554406015581
0.968537632502236	95.7912834587024
0.968065211449683	95.7271263158489
0.967592790396967	95.6629691729835
0.967120369344390	95.5988120301274
0.966647948291805	95.5346548872768
0.966175527239185	95.4704977444182
0.965703106186411	95.4063406015494
0.965230685133903	95.3421834587021
0.964758264081210	95.2780263158428
0.964285843028563	95.2138691729864
0.963813421976022	95.1497120301384
0.963341000923304	95.0855548872695
0.962868579870745	95.0213977444239
0.962396158818001	94.9572406015527
0.961923737765436	94.8930834586994
0.961451316712818	94.8289263158478
0.960978895660166	94.7647691729924
0.960506474607538	94.7006120301369
0.960034053554936	94.6364548872727
0.959561632502324	94.5722977444204
0.959089211449656	94.5081406015725
0.958616790397039	94.4439834587131
0.958144369344336	94.3798263158418
0.957671948291793	94.3156691730030
0.957199527239152	94.2515120301321
0.956727106186520	94.1873548872761
0.956254685133856	94.1231977444185
0.955782264081278	94.0590406015615
0.955309843028563	93.9948834586923
0.955125572352061	93.9595413534618
0.957407885993300	94.1708576798832
0.959690199634600	94.3821740064154
0.961972513275826	94.5934903329409
0.964254826917069	94.8048066594729
0.966537140558396	95.0161229860099
0.968819454199631	95.2274393125439
0.969580225413300	95.2978780880270
0.969833815817830	95.3213576798799
0.970087406222410	95.3448372717127
0.969886594757594	95.3015886143349
0.969481475530925	95.2373947368947
0.969076356304285	95.1732008593473
0.968671237077683	95.1090069818067
0.968266117851033	95.0448131042448
0.967860998624351	94.9806192266941
0.967455879397696	94.9164253491384
0.967050760171077	94.8522314715937
0.966645640944426	94.7880375940327
0.966240521717800	94.7238437164822
0.965835402491179	94.6596498389353
0.965430283264495	94.5954559613788
0.965025164037885	94.5312620838362
0.964620044811215	94.4670682062845
0.964214925584598	94.4028743287329
0.963809806357909	94.3386804511732
0.963404687131353	94.2744865736328
0.962999567904638	94.2102926960751
0.962594448677953	94.1460988185210
0.962189329451423	94.0819049409759
0.961784210224728	94.0177110634219
0.961379090998210	93.9535171858814
0.960973971771453	93.8893233083162
0.960568852544819	93.8251294307671
0.960163733318239	93.7609355532313
0.959758614091617	93.6967416756779
0.959353494864949	93.6325477981186
0.958948375638353	93.5683539205734
0.958543256411747	93.5041600430346
0.958138137185114	93.4399661654745
0.957733017958420	93.3757722879154
0.957327898731778	93.3115784103705
0.956922779505127	93.2473845328144
0.956517660278626	93.1831906552824
0.956112541051869	93.1189967777134
0.955707421825201	93.0548029001577
0.955302302598520	92.9906090226062
0.954897183371913	92.9264151450554
0.954492064145326	92.8622212675117
0.954086944918679	92.7980273899654
0.953681825692006	92.7338335124056
0.953276706465411	92.6696396348546
0.952871587238719	92.6054457572920
0.952466468011992	92.5412518797373
0.952061348785494	92.4770580022042
0.951656229558715	92.4128641246347
0.952940225182990	92.5175817320717
0.954677759017470	92.6676531606093
0.956415292852253	92.8177245892397
0.958152826686819	92.9677960178091
0.959890360521309	93.1178674463338
0.961627894355969	93.2679388749105
0.963365428190488	93.4180103034795
0.965102962025051	93.5680817320465
0.965682139969891	93.6181055415870
0.965875199284939	93.6347801447632
0.966068258599882	93.6514547479314
0.965940954901879	93.6089614312805
0.965603300766590	93.5447471457144
0.965265646631242	93.4805328599952
0.964927992495897	93.4163185742740
0.964590338360506	93.3521042885514
0.964252684225223	93.2878900028536
0.963915030089748	93.2236757171142
0.963577375954433	93.1594614314122
0.963239721819191	93.0952471456973
0.962902067683751	93.0310328599787
0.962564413548392	92.9668185742623
0.962226759413144	92.9026042885570
0.961889105277789	92.8383900028436
0.961551451142525	92.7741757171300
0.961213797007051	92.7099614313964
0.960876142871737	92.6457471456962
0.960538488736391	92.5815328599653
0.960200834601052	92.5173185742676
0.959863180465722	92.4531042885536
0.959525526330424	92.3888900028371
0.959187872195064	92.3246757171295
0.958850218059737	92.2604614314105
0.958512563924401	92.1962471456968
0.958174909789123	92.1320328599896
0.957837255653681	92.0678185742628
0.957499601518404	92.0036042885533
0.957161947383051	91.9393900028385
0.956824293247713	91.8751757171270
0.956486639112460	91.8109614314239
0.956148984977026	91.7467471456893
0.955811330841615	91.6825328599752
0.955473676706335	91.6183185742582
0.955136022571037	91.5541042885501
0.954798368435765	91.4898900028660
0.954460714300323	91.4256757171196
0.954123060165051	91.3614614314249
0.953785406029630	91.2972471456902
0.953447751894238	91.2330328599772
0.953110097758936	91.1688185742610
0.952772443623606	91.1046042885503
0.952434789488202	91.0403900028223
0.952097135352979	90.9761757171201
0.951759481217625	90.9119614314052
0.951421827082295	90.8477471457030
0.951997685769620	90.8748841421661
0.953413148517388	90.9859815447368
0.954828611265149	91.0970789473239
0.956244074012957	91.2081763499310
0.957659536760656	91.3192737525181
0.959074999508479	91.4303711551162
0.960490462256241	91.5414685577201
0.961905925003955	91.6525659603056
0.963321387751898	91.7636633629219
0.964736850499639	91.8747607655133
0.965208671415612	91.9117932330712
0.965680492331337	91.9488257005754
0.965436663308887	91.8873325358106
0.965166548476412	91.8231052632046
0.964896433643795	91.7588779904707
0.964626318811357	91.6946507177547
0.964356203978810	91.6304234450320
0.964086089146227	91.5661961722916
0.963815974313789	91.5019688995832
0.963545859481278	91.4377416268571
0.963275744648677	91.3735143541193
0.963005629816078	91.3092870813857
0.962735514983569	91.2450598086521
0.962465400150986	91.1808325359334
0.962195285318633	91.1166052632187
0.961925170486006	91.0523779904838
0.961655055653439	90.9881507177540
0.961384940820843	90.9239234450142
0.961114825988378	90.8596961722923
0.960844711155832	90.7954688995795
0.960574596323380	90.7312416268476
0.960304481490780	90.6670143541209
0.960034366658295	90.6027870813937
0.959764251825752	90.5385598086731
0.959494136993142	90.4743325359482
0.959224022160656	90.4101052632086
0.958953907328084	90.3458779904812
0.958683792495537	90.2816507177583
0.958413677663039	90.2174234450329
0.958143562830476	90.1531961722984
0.957873447997991	90.0889688995778
0.957603333165479	90.0247416268607
0.957333218332910	89.9605143541230
0.957063103500454	89.8962870814081
0.956792988667847	89.8320598086703
0.956522873835214	89.7678325359373
0.956252759002803	89.7036052632245
0.955982644170201	89.6393779904784
0.955712529337654	89.5751507177510
0.955442414505164	89.5109234450289
0.955172299672533	89.4466961722911
0.954902184840036	89.3824688995753
0.954632070007572	89.3182416268576
0.954361955174938	89.2540143541126
0.954666256978592	89.2472287449556
0.955879568719557	89.3313441295298
0.957092880460424	89.4154595141410
0.958306192201325	89.4995748987611
0.959519503942175	89.5836902833726
0.960732815683014	89.6678056679822
0.961946127423940	89.7519210525981
0.963159439164889	89.8360364372188
0.964372750905769	89.9201518218337
0.965586062646642	90.0042672064514
0.966799374387653	90.0883825910751
0.968012686128470	90.1724979756864
0.968417123375389	90.2005364372036
0.968551935791148	90.2098825910803
0.968564675250811	90.1682027182474
0.968362139681166	90.1039664546503
0.968159604111431	90.0397301909080
0.967957068541692	89.9754939271585
0.967754532972101	89.9112576634498
0.967551997402397	89.8470213997064
0.967349461832647	89.7827851359706
0.967146926263008	89.7185488722295
0.966944390693339	89.6543126085089
0.966741855123745	89.5900763447802
0.966539319553892	89.5258400810187
0.966336783984135	89.4616038172879
0.966134248414487	89.3973675535514
0.965931712844856	89.3331312898222
0.965729177275149	89.2688950260764
0.965526641705429	89.2046587623343
0.965324106135792	89.1404224986073
0.965121570566101	89.0761862348712
0.964919034996378	89.0119499711274
0.964716499426720	88.9477137074052
0.964513963856961	88.8834774436661
0.964311428287259	88.8192411799206
0.964108892717638	88.7550049161969
0.963906357147937	88.6907686524540
0.963703821578286	88.6265323887221
0.963501286008437	88.5622961249576
0.963298750438815	88.4980598612360
0.963096214869153	88.4338235975090
0.962893679299426	88.3695873337589
0.962691143729754	88.3053510700359
0.962488608160039	88.2411148062980
0.962286072590357	88.1768785425618
0.962083537020579	88.1126422788149
0.961881001451072	88.0484060150974
0.961678465881203	87.9841697513430
0.961475930311537	87.9199334876210
0.961273394741894	87.8556972238713
0.961070859172255	87.7914609601474
0.960868323602500	87.7272246964041
0.960665788032801	87.6629884326681
0.960518717407765	87.6042986633903
0.961601830189644	87.6686272347323
0.962684942971667	87.7329558061639
0.963768055753590	87.7972843775965
0.964851168535591	87.8616129490264
0.965934281317495	87.9259415204455
0.967017394099412	87.9902700918772
0.968100506881402	88.0545986633061
0.969183619663326	88.1189272347334
0.970266732445339	88.1832558061672
0.971349845227190	88.2475843775785
0.972432958009224	88.3119129490235
0.973516070791192	88.3762415204502
0.974599183573109	88.4405700918744
0.974960221167095	88.4620129490112
0.975321258761107	88.4834558061554
0.975267054566256	88.4277342522351
0.975132122235505	88.3634913952326
0.974997189904474	88.2992485380498
0.974862257573758	88.2350056809307
0.974727325242947	88.1707628237798
0.974592392912254	88.1065199666630
0.974457460581323	88.0422771094958
0.974322528250394	87.9780342523419
0.974187595919649	87.9137913952220
0.974052663588783	87.8495485380632
0.973917731257938	87.7853056809104
0.973782798927138	87.7210628237805
0.973647866596243	87.6568199666218
0.973512934265467	87.5925771094905
0.973378001934624	87.5283342523373
0.973243069603787	87.4640913952062
0.973108137273010	87.3998485380710
0.972973204942132	87.3356056809156
0.972838272611321	87.2713628237767
0.972703340280468	87.2071199666137
0.972568407949695	87.1428771094921
0.972433475618966	87.0786342523770
0.972298543288019	87.0143913952128
0.972163610957230	86.9501485380615
0.972028678626313	86.8859056808890
0.971893746295584	86.8216628237884
0.971758813964756	86.7574199666487
0.971623881633816	86.6931771094691
0.971488949303057	86.6289342523502
0.971354016972181	86.5646913951951
0.971219084641411	86.5004485380548
0.971084152310668	86.4362056809309
0.970949219979732	86.3719628237769
0.970814287649005	86.3077199666642
0.970679355318210	86.2434771095176
0.970544422987305	86.1792342523737
0.970409490656416	86.1149913952092
0.970274558325622	86.0507485380765
0.970139625994761	85.9865056809015
0.971057965471053	86.0275900044057
0.972057436501592	86.0767874833944
0.973056907532208	86.1259849624028
0.974056378562753	86.1751824413936
0.975055849593254	86.2243799203811
0.976055320623768	86.2735773993791
0.977054791654231	86.3227748783623
0.978054262684799	86.3719723573549
0.979053733715297	86.4211698363422
0.980053204745669	86.4703673153191
0.981052675776189	86.5195647943104
0.982052146806879	86.5687622733255
0.983051617837347	86.6179597523107
0.984051088867994	86.6671572313207
0.985050559898402	86.7163547102981
0.985383716908514	86.7327538699454
0.985494769245215	86.7382202565042
0.985605821581926	86.7436866430590
0.985636244605375	86.6898323750306
0.985568931027174	86.6255844759533
0.985501617449241	86.5613365768100
0.985434303871157	86.4970886776354
0.985366990293153	86.4328407785180
0.985299676715008	86.3685928793051
0.985232363137005	86.3043449801522
0.985165049558914	86.2400970809963
0.985097735980786	86.1758491818465
0.985030422402747	86.1116012826716
0.984963108824695	86.0473533834908
0.984895795246680	85.9831054843919
0.984828481668534	85.9188575851989
0.984761168090483	85.8546096860196
0.984693854512437	85.7903617868707
0.984626540934328	85.7261138877242
0.984559227356381	85.6618659885664
0.984491913778163	85.5976180893795
0.984424600200264	85.5333701902503
0.984357286622045	85.4691222910551
0.984289973044052	85.4048743919368
0.984222659465984	85.3406264927986
0.984155345887958	85.2763785935904
0.984088032309930	85.2121306944628
0.984020718731774	85.1478827952750
0.983953405153784	85.0836348961473
0.983886091575678	85.0193869969680
0.983818777997696	84.9551390978205
0.983751464419513	84.8908911986352
0.983684150841518	84.8266432994758
0.983616837263494	84.7623954003104
0.983549523685354	84.6981475011613
0.983482210107332	84.6338996020038
0.983414896529256	84.5696517028289
0.983347582951245	84.5054038037120
0.983280269372968	84.4411559044932
0.983212955795030	84.3769080053671
0.983863617728626	84.3844576572956
0.984811301939269	84.4217095369973
0.985758986149679	84.4589614166835
0.986706670360271	84.4962132963948
0.987654354570709	84.5334651760801
0.988602038781255	84.5707170557814
0.989549722991919	84.6079689354927
0.990497407202277	84.6452208151819
0.991445091412785	84.6824726948778
0.992392775623444	84.7197245745899
0.993340459833851	84.7569764542725
0.994288144044420	84.7942283339797
0.995235828254972	84.8314802136813
0.996183512465393	84.8687320933717
0.997131196675900	84.9059839730662
0.998078880886627	84.9432358527911
0.999026565097086	84.9804877324791
0.999342459833934	84.9929050257126
0.999658354570723	85.0053223189363
1.00025835457059	85.0053223189410
0.999664526315879	84.8774121436077
0.999664842105241	84.8131602714449
0.999665157894803	84.7489083876008
0.999665473684208	84.6846565116481
0.999665789473669	84.6204046344656
0.999666105263141	84.5561527453618
0.999666421052628	84.4919008751943
0.999666736842093	84.4276489930398
0.999667052631590	84.3633971188616
0.999667368420986	84.2991452243396
0.999667684210538	84.2348933514132
0.999667999999923	84.1706414721350
0.999668315789454	84.1063895911995
0.999668631579029	84.0421377165258
0.999668947368333	83.9778858385040
0.999669263157814	83.9136339482044
0.999669578947415	83.8493820691549
0.999669894736748	83.7851301985586
0.999670210526273	83.7208783174327
0.999670526315741	83.6566264373186
0.999670842105233	83.5923745590634
0.999671157894715	83.5281226784893
0.999671473684174	83.4638707949029
0.999671789473675	83.3996189167079
0.999672105263188	83.3353670330872
0.999672421052632	83.2711151541910
0.999672736842072	83.2068632752931
0.999673052631547	83.1426114020136
0.999673368421079	83.0783595137722
0.999673684210583	83.0141076360831
0.999673999999973	82.9498557602325
0.999674315789474	82.8856038787058
0.999674631578860	82.8213520041625
0.999674947368493	82.7571001163997
1.00022676942997	82.7479988662280
1.00114542034293	82.7755804988572
1.00206407125590	82.8031621315051
1.00298272216890	82.8307437641601
1.00390137308193	82.8583253968139
1.00482002399496	82.8859070294760
1.00573867490787	82.9134886621171
1.00665732582093	82.9410702947751
1.00757597673391	82.9686519274301
1.00849462764691	82.9962335600829
1.00941327855986	83.0238151927292
1.01033192947299	83.0513968253874
1.01125058038589	83.0789784580394
1.01216923129893	83.1065600906992
1.01308788221189	83.1341417233446
1.01400653312504	83.1617233560123
1.01492518403794	83.1893049886591
1.01584383495093	83.2168866213131
1.01676248586387	83.2444682539614
1.01706870283488	83.2536621315071
1.01717077515848	83.2567267573474
1.01735978241356	83.2055400406189
1.01742773515252	83.1412849385806
1.01749568789142	83.0770298365548
1.01756364063036	83.0127747345125
1.01763159336943	82.9485196324659
1.01769954610834	82.8842645304286
1.01776749884740	82.8200094283977
1.01783545158645	82.7557543263091
1.01790340432528	82.6914992242985
1.01797135706433	82.6272441222560
1.01803930980332	82.5629890202397
1.01810726254236	82.4987339181614
1.01817521528135	82.4344788161177
1.01824316802034	82.3702237140988
1.01831112075927	82.3059686120271
1.01837907349826	82.2417135100169
1.01844702623733	82.1774584079899
1.01851497897625	82.1132033059337
1.01858293171524	82.0489482038789
1.01865088445437	81.9846931018625
1.01871883719329	81.9204379998061
1.01878678993216	81.8561828977724
1.01885474267120	81.7919277957054
1.01892269541030	81.7276726936844
1.01899064814919	81.6634175916726
1.01905860088820	81.5991624895745
1.01912655362719	81.5349073875625
1.01919450636618	81.4706522855385
1.01926245910525	81.4063971834829
1.01933041184411	81.3421420814424
1.01939836458316	81.2778869793814
1.01946631732214	81.2136318773804
1.01953427006115	81.1493767753254
1.01983178900347	81.1080782935960
1.02073822443986	81.1276714612444
1.02164465987628	81.1472646289496
1.02255109531278	81.1668577966636
1.02345753074917	81.1864509643615
1.02436396618562	81.2060441320655
1.02527040162200	81.2256372997615
1.02617683705846	81.2452304674692
1.02708327249481	81.2648236351644
1.02798970793126	81.2844168028732
1.02889614336767	81.3040099705724
1.02980257880412	81.3236031382789
1.03070901424052	81.3431963059735
1.03161544967694	81.3627894736798
1.03252188511350	81.3823826413990
1.03342832054977	81.4019758090828
1.03433475598615	81.4215689767763
1.03524119142267	81.4411621444898
1.03614762685902	81.4607553121882
1.03705406229536	81.4803484798828
1.03796049773189	81.4999416475961
1.03826264287729	81.5064727034904
1.03856478802285	81.5130037593936
1.03874395907387	81.4534861066329
1.03887955436655	81.3892283426633
1.03901514965911	81.3249705786747
1.03915074495178	81.2607128147102
1.03928634024414	81.1964550507227
1.03942193553671	81.1321972867428
1.03955753082935	81.0679395227713
1.03969312612202	81.0036817588071
1.03982872141452	80.9394239948457
1.03996431670714	80.8751662308429
1.04009991199981	80.8109084668861
1.04023550729230	80.7466507029051
1.04037110258483	80.6823929389370
1.04050669787742	80.6181351749472
1.04064229317001	80.5538774109823
1.04077788846258	80.4896196469922
1.04091348375515	80.4253618830223
1.04104907904781	80.3611041190593
1.04118467434042	80.2968463550741
1.04132026963287	80.2325885910983
1.04145586492541	80.1683308271179
1.04159146021803	80.1040730631371
1.04172705551074	80.0398152991908
1.04186265080321	79.9755575351848
1.04199824609580	79.9112997712264
1.04213384138837	79.8470420072352
1.04226943668093	79.7827842432931
1.04240503197361	79.7185264792923
1.04254062726606	79.6542687153135
1.04267622255874	79.5900109513380
1.04281181785133	79.5257531873846
1.04307926943686	79.4746810526827
1.04398627094059	79.4875639097686
1.04489327244435	79.5004467669140
1.04580027394822	79.5133296240689
1.04670727545186	79.5262124811942
1.04761427695559	79.5390953383341
1.04852127845936	79.5519781954743
1.04942827996309	79.5648610526190
1.05033528146683	79.5777439097604
1.05124228297068	79.5906267669141
1.05214928447440	79.6035096240491
1.05305628597821	79.6163924812023
1.05396328748195	79.6292753383373
1.05487028898571	79.6421581954868
1.05577729048948	79.6550410526259
1.05668429199323	79.6679239097686
1.05759129349698	79.6808067669128
1.05849829500076	79.6936896240605
1.05940529650457	79.7065724812071
1.06031229800829	79.7194553383417
1.06121929951202	79.7323381954877
1.06212630101587	79.7452210526370
1.06303330251943	79.7581039097570
1.06333563635406	79.7623981954716
1.06343641429900	79.7638296240513
1.06353719224381	79.7652610526187
1.06379805207759	79.7073168421701
1.06400129418284	79.6430568421621
1.06420453628809	79.5787968421429
1.06440777839335	79.5145368421508
1.06461102049866	79.4502768421613
1.06481426260386	79.3860168421516
1.06501750470914	79.3217568421683
1.06522074681438	79.2574968421599
1.06542398891961	79.1932368421590
1.06562723102488	79.1289768421606
1.06583047313016	79.0647168421499
1.06603371523546	79.0004568421652
1.06623695734077	78.9361968421606
1.06644019944594	78.8719368421548
1.06664344155124	78.8076768421578
1.06684668365651	78.7434168421507
1.06704992576172	78.6791568421682
1.06725316786689	78.6148968421469
1.06745640997234	78.5506368421575
1.06765965207757	78.4863768421550
1.06786289418291	78.4221168421703
1.06806613628807	78.3578568421526
1.06826937839341	78.2935968421750
1.06847262049859	78.2293368421646
1.06867586260383	78.1650768421523
1.06887910470903	78.1008168421383
1.06908234681439	78.0365568421437
1.06928558891966	77.9722968421606
1.06948883102493	77.9080368421593
1.06969207313020	77.8437768421561
1.07057975370211	77.8479606887575
1.07149726247401	77.8551273554250
1.07241477124588	77.8622940220825
1.07333228001791	77.8694606887626
1.07424978878986	77.8766273554329
1.07516729756176	77.8837940220936
1.07608480633373	77.8909606887684
1.07700231510563	77.8981273554228
1.07791982387750	77.9052940220822
1.07883733264945	77.9124606887573
1.07975484142129	77.9196273554165
1.08067235019331	77.9267940220946
1.08158985896527	77.9339606887601
1.08250736773721	77.9411273554288
1.08342487650901	77.9482940220784
1.08434238528101	77.9554606887549
1.08525989405292	77.9626273554220
1.08617740282484	77.9697940220866
1.08709491159681	77.9769606887562
1.08801242036876	77.9841273554305
1.08892992914057	77.9912940220767
1.08984743791265	77.9984606887605
1.09076494668445	78.0056273554131
1.09168245545650	78.0127940220966
1.09198829171382	78.0151829109823
1.09209023713295	78.0159792072819
1.09219218255193	78.0167755035678
1.09253240014267	77.9601716328472
1.09280329237329	77.8959097280770
1.09307418460380	77.8316478233118
1.09334507683444	77.7673859185549
1.09361596906493	77.7031240137880
1.09388686129552	77.6388621090235
1.09415775352609	77.5746002042630
1.09442864575678	77.5103382995145
1.09469953798736	77.4460763947635
1.09497043021783	77.3818144899833
1.09524132244841	77.3175525852223
1.09551221467902	77.2532906804604
1.09578310690953	77.1890287756890
1.09605399914017	77.1247668709379
1.09632489137073	77.0605049661660
1.09659578360137	76.9962430614169
1.09686667583183	76.9319811566447
1.09713756806262	76.8677192518995
1.09740846029304	76.8034573471221
1.09767935252353	76.7391954423567
1.09795024475420	76.6749335375970
1.09822113698482	76.6106716328415
1.09849202921535	76.5464097280743
1.09876292144590	76.4821478233185
1.09903381367656	76.4178859185484
1.09930470590709	76.3536240137885
1.09957559813770	76.2893621090349
1.09984649036833	76.2251002042736
1.10061384015398	76.2104840549792
1.10154974059470	76.2127229712139
1.10248564103552	76.2149618874797
1.10342154147625	76.2172008037297
1.10435744191706	76.2194397199930
1.10529334235780	76.2216786362476
1.10622924279849	76.2239175524979
1.10716514323928	76.2261564687593
1.10810104368012	76.2283953850176
1.10903694412080	76.2306343012683
1.10997284456160	76.2328732175326
1.11090874500234	76.2351121337856
1.11184464544316	76.2373510500512
1.11278054588388	76.2395899662986
1.11371644632464	76.2418288825547
1.11465234676540	76.2440677988110
1.11558824720614	76.2463067150675
1.11652414764683	76.2485456313157
1.11746004808766	76.2507845475784
1.11839594852842	76.2530234638347
1.11933184896918	76.2552623800951
1.12026774940991	76.2575012963430
1.12120364985060	76.2597402125996
1.12213955029136	76.2619791288507
1.12307545073222	76.2642180451157
1.12401135117295	76.2664569613667
1.12432331798653	76.2672032667877
1.12463528480013	76.2679495722072
1.12498663857466	76.2051120042063
1.12532518355782	76.1408484574027
1.12566372854102	76.0765849106102
1.12600227352412	76.0123213638030
1.12634081850724	75.9480578170101
1.12667936349035	75.8837942702010
1.12701790847346	75.8195307234118
1.12735645345671	75.7552671766192
1.12769499843991	75.6910036298169
1.12803354342304	75.6267400830201
1.12837208840617	75.5624765362202
1.12871063338915	75.4982129894099
1.12904917837239	75.4339494426249
1.12938772335557	75.3696858958241
1.12972626833873	75.3054223490255
1.13006481332189	75.2411588022271
1.13040335830507	75.1768952554376
1.13074190328818	75.1126317086379
1.13108044827135	75.0483681618334
1.13141899325454	74.9841046150473
1.13175753823769	74.9198410682464
1.13209608322070	74.8555775214391
1.13243462820399	74.7913139746544
1.13277317318717	74.7270504278602
1.13311171817016	74.6627868810454
1.13345026315339	74.5985233342520
1.13419115326532	74.5744943002978
1.13515180376248	74.5724413048772
1.13611245425968	74.5703883094864
1.13707310475682	74.5683353140867
1.13803375525407	74.5662823187015
1.13899440575142	74.5642293233207
1.13995505624847	74.5621763279114
1.14091570674579	74.5601233325393
1.14187635724293	74.5580703371388
1.14283700774010	74.5560173417406
1.14379765823739	74.5539643463551
1.14475830873460	74.5519113509612
1.14571895923179	74.5498583555697
1.14667960972894	74.5478053601676
1.14764026022612	74.5457523647712
1.14860091072352	74.5436993694043
1.14956156122068	74.5416463740122
1.15052221171777	74.5395933786028
1.15148286221510	74.5375403832240
1.15244351271221	74.5354873878222
1.15340416320948	74.5334343924386
1.15436481370669	74.5313813970393
1.15532546420385	74.5293284016492
1.15628611470115	74.5272754062670
1.15724676519833	74.5252224108695
1.15820741569548	74.5231694154748
1.15916806619268	74.5211164200808
1.16012871668989	74.5190634246859
1.16044893352237	74.5183790929044
1.16055567246646	74.5181509822953
1.16104941715911	74.4637089498447
1.16145561701371	74.3994439728856
1.16186181686823	74.3351789959387
1.16226801672273	74.2709140189813
1.16267421657714	74.2066490420123
1.16308041643170	74.1423840650595
1.16348661628619	74.0781190881077
1.16389281614063	74.0138541111432
1.16429901599508	73.9495891341854
1.16470521584937	73.8853241572114
1.16511141570397	73.8210591802694
1.16551761555847	73.7567942033043
1.16592381541300	73.6925292263525
1.16633001526735	73.6282642493882
1.16673621512180	73.5639992724281
1.16714241497635	73.4997342954714
1.16754861483073	73.4354693185036
1.16795481468536	73.3712043415632
1.16836101453977	73.3069393645982
1.16876721439422	73.2426743876303
1.16917341424872	73.1784094106759
1.16957961410321	73.1141444337255
1.16998581395771	73.0498794567600
1.17039201381216	72.9856144798130
1.17098835804025	72.9403639401867
1.17197896091117	72.9345392648401
1.17296956378199	72.9287145895112
1.17396016665276	72.9228899141861
1.17495076952363	72.9170652388684
1.17594137239433	72.9112405635309
1.17693197526519	72.9054158882094
1.17792257813598	72.8995912128815
1.17891318100686	72.8937665375658
1.17990378387763	72.8879418622336
1.18089438674847	72.8821171869136
1.18188498961917	72.8762925115790
1.18287559249007	72.8704678362655
1.18386619536080	72.8646431609274
1.18485679823171	72.8588184856165
1.18584740110244	72.8529938102804
1.18683800397323	72.8471691349520
1.18782860684406	72.8413444596311
1.18881920971492	72.8355197843127
1.18980981258576	72.8296951089900
1.19080041545658	72.8238704336676
1.19179101832743	72.8180457583478
1.19278162119818	72.8122210830111
1.19377222406900	72.8063964076873
1.19476282693990	72.8005717323744
1.19575342981077	72.7947470570588
1.19674403268140	72.7889223817111
1.19773463555227	72.7830977063947
1.19872523842315	72.7772730310734
1.19971584129389	72.7714483557426
1.20004604225081	72.7695067973010
1.20037624320773	72.7675652388589
1.20088736987611	72.7075140882998
1.20136122633537	72.6432478545400
1.20183508279474	72.5789816207744
1.20230893925394	72.5147153869955
1.20278279571341	72.4504491532391
1.20325665217278	72.3861829194833
1.20373050863203	72.3219166857079
1.20420436509142	72.2576504519444
1.20467822155074	72.1933842181797
1.20515207801006	72.1291179844102
1.20562593446945	72.0648517506511
1.20609979092877	72.0005855168822
1.20657364738807	71.9363192831161
1.20704750384741	71.8720530493504
1.20752136030665	71.8077868155756
1.20799521676609	71.7435205818172
1.20846907322529	71.6792543480382
1.20894292968472	71.6149881142871
1.20941678614405	71.5507218805183
1.20989064260341	71.4864556467539
1.21036449906276	71.4221894129883
1.21083835552203	71.3579231792153
1.21143713984220	71.3061497315244
1.21246200557789	71.2969844253494
1.21348687131359	71.2878191192174
1.21451173704955	71.2786538131177
1.21553660278525	71.2694885069863
1.21656146852093	71.2603232008517
1.21758633425671	71.2511578947371
1.21861119999253	71.2419925886232
1.21963606572833	71.2328272824966
1.22066093146408	71.2236619763746
1.22168579719983	71.2144966702517
1.22271066293560	71.2053313641256
1.22373552867135	71.1961660580069
1.22476039440711	71.1870007518770
1.22578526014292	71.1778354457602
1.22681012587866	71.1686701396354
1.22783499161438	71.1595048335057
1.22885985735021	71.1503395273929
1.22988472308598	71.1411742212688
1.23090958882169	71.1320089151363
1.23193445455750	71.1228436090249
1.23295932029330	71.1136783029067
1.23398418602903	71.1045129967761
1.23500905176480	71.0953476906557
1.23603391750056	71.0861823845334
1.23705878323635	71.0770170784129
1.23808364897208	71.0678517722885
1.23910851470786	71.0586864661664
1.24013338044358	71.0495211600381
1.24115824617943	71.0403558539275
1.24218311191520	71.0311905478062
1.24320797765091	71.0220252416735
1.24354959956286	71.0189701396388
1.24366347353337	71.0179517722746
1.24377734750424	71.0169334049563
1.24436597226149	70.9580366273385
1.24490748676193	70.8937692803922
1.24544900126258	70.8295019334576
1.24599051576317	70.7652345865292
1.24653203026358	70.7009672395766
1.24707354476415	70.6366998926463
1.24761505926476	70.5724325457172
1.24815657376524	70.5081651987644
1.24869808826571	70.4438978518232
1.24923960276634	70.3796305048928
1.24978111726688	70.3153631579530
1.25032263176752	70.2510958110245
1.25086414626787	70.1868284640629
1.25140566076852	70.1225611171424
1.25194717526906	70.0582937702016
1.25248868976943	69.9940264232459
1.25303020427007	69.9297590763227
1.25357171877064	69.8654917293875
1.25411323327121	69.8012243824521
1.25465474777169	69.7369570354986
1.25520533470241	69.6735969315828
1.25626807479588	69.6614521438854
1.25733081488932	69.6493073562338
1.25839355498272	69.6371625685781
1.25945629507629	69.6250177809481
1.26051903516981	69.6128729933047
1.26158177526317	69.6007282056466
1.26264451535672	69.5885834180129
1.26370725545014	69.5764386303584
1.26476999554367	69.5642938427227
1.26583273563715	69.5521490550778
1.26689547573063	69.5400042674321
1.26795821582415	69.5278594797920
1.26902095591753	69.5157146921359
1.27008369601111	69.5035699045059
1.27114643610447	69.4914251168452
1.27220917619803	69.4792803292129
1.27327191629151	69.4671355415642
1.27433465638496	69.4549907539172
1.27539739647841	69.4428459662701
1.27646013657192	69.4307011786272
1.27752287666546	69.4185563909926
1.27858561675885	69.4064116033393
1.27964835685236	69.3942668156976
1.28071109694578	69.3821220280460
1.28177383703939	69.3699772404148
1.28283657713273	69.3578324527532
1.28389931722623	69.3456876651144
1.28496205731977	69.3335428774755
1.28602479741325	69.3213980898326
1.28708753750666	69.3092533021771
1.28815027760024	69.2971085145446
1.28921301769355	69.2849637268810
1.29027575778708	69.2728189392430
1.29063000448492	69.2687706766985
1.29098425118273	69.2647224141453
1.29159872979746	69.2010637066317
1.29220790354266	69.1367953668526
1.29281707728783	69.0725270270854
1.29342625103298	69.0082586873167
1.29403542477820	68.9439903475509
1.29464459852337	68.8797220077825
1.29525377226862	68.8154536680181
1.29586294601364	68.7511853282349
1.29647211975888	68.6869169884765
1.29708129350412	68.6226486487148
1.29769046724924	68.5583803089311
1.29829964099445	68.4941119691731
1.29890881473953	68.4298436293914
1.29951798848480	68.3655752896377
1.30012716222992	68.3013069498666
1.30073633597511	68.2370386100947
1.30134550972029	68.1727702703289
1.30195468346542	68.1085019305538
1.30256385721061	68.0442335907876
1.30362774963044	68.0254371184313
1.30473141996019	68.0106184371248
1.30583509028977	67.9957997557955
1.30693876061962	67.9809810744953
1.30804243094917	67.9661623931618
1.30914610127885	67.9513437118450
1.31024977160856	67.9365250305329
1.31135344193817	67.9217063492061
1.31245711226786	67.9068876678885
1.31356078259758	67.8920689865750
1.31466445292727	67.8772503052649
1.31576812325691	67.8624316239368
1.31687179358654	67.8476129426138
1.31797546391627	67.8327942613056
1.31907913424596	67.8179755799839
1.32018280457569	67.8031568986740
1.32128647490531	67.7883382173486
1.32239014523489	67.7735195360200
1.32349381556456	67.7587008547027
1.32459748589428	67.7438821733877
1.32570115622389	67.7290634920652
1.32680482655362	67.7142448107484
1.32790849688340	67.6994261294452
1.32901216721294	67.6846074481105
1.33011583754258	67.6697887667906
1.33121950787225	67.6549700854708
1.33232317820204	67.6401514041691
1.33342684853168	67.6253327228460
1.33453051886122	67.6105140415108
1.33563418919100	67.5956953602025
1.33673785952066	67.5808766788851
1.33784152985028	67.5660579975612
1.33894520017995	67.5512393162453
1.34004887050969	67.5364206349316
1.34115254083946	67.5216019536267
1.34152043094915	67.5166623931655
1.34164306098580	67.5150158730188
1.34238313000458	67.4580726496296
1.34305996401260	67.3938034188569
1.34373679802065	67.3295341880811
1.34441363202888	67.2652649573263
1.34509046603695	67.2009957265572
1.34576730004497	67.1367264957770
1.34644413405309	67.0724572650078
1.34712096806128	67.0081880342543
1.34779780206930	66.9439188034739
1.34847463607742	66.8796495727092
1.34915147008558	66.8153803419491
1.34982830409356	66.7511111111638
1.35050513810174	66.6868418803991
1.35118197210977	66.6225726496287
1.35185880611801	66.5583034188723
1.35253564012595	66.4940341880875
1.35321247413407	66.4297649573168
1.35417143688496	66.3937086008015
1.35531864612756	66.3764768934603
1.35646585537028	66.3592451861537
1.35761306461280	66.3420134788257
1.35876027385544	66.3247817715121
1.35990748309804	66.3075500641939
1.36105469234067	66.2903183568759
1.36220190158326	66.2730866495595
1.36334911082591	66.2558549422440
1.36449632006856	66.2386232349299
1.36564352931118	66.2213915276154
1.36679073855378	66.2041598202960
1.36793794779635	66.1869281129701
1.36908515703898	66.1696964056567
1.37023236628162	66.1524646983372
1.37137957552421	66.1352329910162
1.37252678476679	66.1180012836968
1.37367399400957	66.1007695764016
1.37482120325203	66.0835378690627
1.37596841249471	66.0663061617565
1.37711562173721	66.0490744544191
1.37826283097988	66.0318427471125
1.37941004022249	66.0146110397930
1.38055724946517	65.9973793324812
1.38170445870779	65.9801476251738
1.38285166795034	65.9629159178402
1.38399887719295	65.9456842105217
1.38514608643561	65.9284525032127
1.38629329567820	65.9112207958883
1.38744050492102	65.8939890886001
1.38858771416359	65.8767573812768
1.38973492340611	65.8595256739462
1.39088213264871	65.8422939666232
1.39202934189141	65.8250622593192
1.39317655113396	65.8078305519976
1.39432376037649	65.7905988446645
1.39547096961928	65.7733671373692
1.39585337270003	65.7676232349194
1.39623577578096	65.7618793324872
1.39700539148898	65.7005434623667
1.39774988662930	65.6362734275270
1.39849438176963	65.5720033926895
1.39923887690983	65.5077333578337
1.39998337205025	65.4434633230057
1.40072786719040	65.3791932881505
1.40147236233073	65.3149232533134
1.40221685747103	65.2506532184645
1.40296135261125	65.1863831836159
1.40370584775161	65.1221131487788
1.40445034289193	65.0578431139421
1.40519483803219	64.9935730790997
1.40593933317255	64.9293030442620
1.40668382831278	64.8650330094153
1.40742832345312	64.8007629745745
1.40839819519429	64.7590305997977
1.40959118802505	64.7396103339672
1.41078418085613	64.7201900682071
1.41197717368686	64.7007698024037
1.41317016651796	64.6813495366490
1.41436315934878	64.6619292708555
1.41555615217964	64.6425090050623
1.41674914501060	64.6230887392895
1.41794213784166	64.6036684735303
1.41913513067246	64.5842482077367
1.42032812350342	64.5648279419614
1.42152111633429	64.5454076761709
1.42271410916527	64.5259874104031
1.42390710199604	64.5065671445990
1.42510009482704	64.4871468788322
1.42629308765800	64.4677266130604
1.42748608048887	64.4483063472710
1.42867907331979	64.4288860814936
1.42987206615072	64.4094658157114
1.43106505898162	64.3900455499340
1.43225805181252	64.3706252841504
1.43345104464338	64.3512050183554
1.43464403747439	64.3317847525919
1.43583703030512	64.3123644867832
1.43703002313591	64.2929442209907
1.43822301596709	64.2735239552418
1.43941600879805	64.2541036894693
1.44060900162895	64.2346834236842
1.44180199445975	64.2152631578879
1.44299498729084	64.1958428921343
1.44418798012164	64.1764226263369
1.44538097295259	64.1570023605570
1.44657396578340	64.1375820947655
1.44776695861445	64.1181618290032
1.44895995144526	64.0987415632081
1.45015294427632	64.0793212974474
1.45134593710710	64.0599010316452
1.45253892993811	64.0404807658794
1.45373192276906	64.0210605001005
1.45412958704596	64.0145870781753
1.45426214180483	64.0124292708425
1.45439469656398	64.0102714635511
1.45524026023434	63.9499349537168
1.45605241725487	63.8856641895977
1.45686457427538	63.8213934254862
1.45767673129573	63.7571226613577
1.45848888831621	63.6928518972354
1.45930104533674	63.6285811331264
1.46011320235718	63.5643103690009
1.46092535937764	63.5000396048800
1.46173751639804	63.4357688407553
1.46254967341852	63.3714980766324
1.46336183043891	63.3072273125061
1.46417398745944	63.2429565484054
1.46498614447988	63.1786857842783
1.46592444843100	63.1270297132093
1.46716517023572	63.1056154274885
1.46840589204016	63.0842011417640
1.46964661384463	63.0627868560438
1.47088733564897	63.0413725703060
1.47212805745370	63.0199582846247
1.47336877925815	62.9985439989001
1.47460950106264	62.9771297131819
1.47585022286714	62.9557154274680
1.47709094467156	62.9343011417438
1.47833166647632	62.9128868560576
1.47957238828077	62.8914725703374
1.48081311008519	62.8700582846100
1.48205383188967	62.8486439988900
1.48329455369419	62.8272297131792
1.48453527549878	62.8058154274803
1.48577599730319	62.7844011417497
1.48701671910799	62.7629868560743
1.48825744091224	62.7415725703242
1.48949816271674	62.7201582846130
1.49073888452127	62.6987439988976
1.49197960632581	62.6773297131857
1.49322032813029	62.6559154274689
1.49446104993477	62.6345011417534
1.49570177173943	62.6130868560587
1.49694249354379	62.5916725703223
1.49818321534818	62.5702582845911
1.49942393715289	62.5488439989055
1.50066465895741	62.5274297131914
1.50190538076183	62.5060154274656
1.50314610256639	62.4846011417566
1.50438682437112	62.4631868560731
1.50562754617531	62.4417725703162
1.50686826797989	62.4203582846059
1.50810898978440	62.3989439988980
1.50934971158885	62.3775297131738
1.51059043339350	62.3561154274799
1.51183115519795	62.3347011417518
1.51307187700257	62.3132868560549
1.51431259880684	62.2918725703085
1.51555332061147	62.2704582846098
1.51596689454629	62.2633201893736
1.51638046848121	62.2561820941451
1.51726099154325	62.1919942078067
1.51814081109210	62.1277227792285
1.51902063064095	62.0634513506648
1.51990045018980	61.9991799220858
1.52078026973862	61.9349084935058
1.52166008928760	61.8706370649512
1.52253990883651	61.8063656363865
1.52341972838530	61.7420942078025
1.52429954793425	61.6778227792379
1.52517936748288	61.6135513506399
1.52605918703194	61.5492799220942
1.52702004066725	61.4931119021616
1.52831018848355	61.4698733002860
1.52960033629991	61.4466346984651
1.53089048411617	61.4233960966307
1.53218063193254	61.4001574948088
1.53347077974906	61.3769188930065
1.53476092756531	61.3536802911694
1.53605107538162	61.3304416893416
1.53734122319797	61.3072030875196
1.53863137101440	61.2839644857026
1.53992151883077	61.2607258838819
1.54121166664709	61.2374872820525
1.54250181446338	61.2142486802248
1.54379196227980	61.1910100784094
1.54508211009613	61.1677714765791
1.54637225791239	61.1445328747450
1.54766240572878	61.1212942729284
1.54895255354515	61.0980556711099
1.55024270136135	61.0748170692632
1.55153284917787	61.0515784674610
1.55282299699417	61.0283398656366
1.55411314481056	61.0051012638117
1.55540329262693	60.9818626619920
1.55669344044323	60.9586240601637
1.55798358825978	60.9353854583669
1.55927373607584	60.9121468565007
1.56056388389219	60.8889082546784
1.56185403170851	60.8656696528519
1.56314417952495	60.8424310510414
1.56443432734126	60.8191924492075
1.56572447515774	60.7959538474023
1.56701462297408	60.7727152455777
1.56830477079045	60.7494766437592
1.56959491860678	60.7262380419308
1.57088506642308	60.7029994401018
1.57217521423932	60.6797608382657
1.57346536205575	60.6565222364528
1.57475550987202	60.6332836346197
1.57604565768846	60.6100450328055
1.57733580550460	60.5868064309552
1.57862595332110	60.5635678291491
1.57991610113756	60.5403292273416
1.58120624895392	60.5170906255188
1.58163629822605	60.5093444249098
1.58177964798337	60.5067623580367
1.58277455602054	60.4481694129712
1.58372203866328	60.3838973764747
1.58466952130598	60.3196253399943
1.58561700394883	60.2553533035294
1.58656448659149	60.1910812670399
1.58751196923450	60.1268092305953
1.58845945187720	60.0625371941078
1.58940693451986	59.9982651576231
1.59035441716270	59.9339931211559
1.59130189980553	59.8697210846866
1.59259517123637	59.8400279269736
1.59393623430219	59.8151139328006
1.59527729736806	59.7901999386393
1.59661836043392	59.7652859444708
1.59795942349974	59.7403719503010
1.59930048656545	59.7154579561189
1.60064154963152	59.6905439619811
1.60198261269719	59.6656299677898
1.60332367576304	59.6407159736241
1.60466473882897	59.6158019794685
1.60600580189461	59.5908879852738
1.60734686496055	59.5659739911207
1.60868792802625	59.5410599969338
1.61002899109230	59.5161460027951
1.61137005415803	59.4912320086161
1.61271111722392	59.4663180144523
1.61405218028962	59.4414040202678
1.61539324335546	59.4164900260984
1.61673430642129	59.3915760319358
1.61807536948714	59.3666620377660
1.61941643255281	59.3417480435741
1.62075749561885	59.3168340494329
1.62209855868463	59.2919200552600
1.62343962175045	59.2670060610897
1.62478068481610	59.2420920668959
1.62612174788213	59.2171780727526
1.62746281094787	59.1922640785737
1.62880387401369	59.1673500844035
1.63014493707967	59.1424360902568
1.63148600014531	59.1175220960587
1.63282706321123	59.0926081019075
1.63416812627683	59.0676941077088
1.63550918934265	59.0427801135371
1.63685025240866	59.0178661193913
1.63819131547480	58.9929521252666
1.63953237854017	58.9680381310383
1.64087344160608	58.9431241368757
1.64221450467194	58.9182101427088
1.64355556773780	58.8932961485475
1.64489663080365	58.8683821543835
1.64623769386952	58.8434681602150
1.64757875693526	58.8185541660342
1.64891982000111	58.7936401718668
1.65026088306690	58.7687261776923
1.65070790408897	58.7604215129925
1.65115492511098	58.7521168482796
1.65218722486127	58.6899157588733
1.65320237109421	58.6256431640931
1.65421751732712	58.5613705693438
1.65523266356020	58.4970979746050
1.65624780979306	58.4328253798463
1.65726295602584	58.3685527850740
1.65827810225885	58.3042801903331
1.65929324849174	58.2400075955784
1.66060411612106	58.2053071404222
1.66199740846958	58.1788491572217
1.66339070081810	58.1523911740284
1.66478399316661	58.1259331908365
1.66617728551501	58.0994752076290
1.66757057786358	58.0730172244411
1.66896387021199	58.0465592412353
1.67035716256061	58.0201012580503
1.67175045490915	57.9936432748618
1.67314374725762	57.9671852916618
1.67453703960623	57.9407273084855
1.67593033195481	57.9142693252972
1.67732362430327	57.8878113420963
1.67871691665161	57.8613533588797
1.68011020900033	57.8348953757134
1.68150350134876	57.8084373925093
1.68289679369736	57.7819794093290
1.68429008604573	57.7555214261138
1.68568337839432	57.7290634429288
1.68707667074289	57.7026054597446
1.68846996309141	57.6761474765494
1.68986325543999	57.6496894933663
1.69125654778844	57.6232315101619
1.69264984013694	57.5967735269665
1.69404313248549	57.5703155437753
1.69543642483393	57.5438575605719
1.69682971718257	57.5173995774012
1.69822300953096	57.4909415941840
1.69961630187950	57.4644836109948
1.70100959422803	57.4380256277994
1.70240288657658	57.4115676446130
1.70379617892507	57.3851096614191
1.70518947127359	57.3586516782260
1.70658276362211	57.3321936950319
1.70797605597060	57.3057357118323
1.70936934831936	57.2792777286762
1.71076264066761	57.2528197454412
1.71215593301614	57.2263617622522
1.71354922536464	57.1999037790526
1.71494251771327	57.1734457958778
1.71633581006185	57.1469878126934
1.71772910241005	57.1205298294553
1.71912239475866	57.0940718462730
1.72051568710752	57.0676138631258
1.72190897945586	57.0411558799114
1.72330227180423	57.0146978966968
1.72376670258726	57.0058785689986
1.72392151284806	57.0029387930641
1.72407632310908	56.9999990171622
1.72518334249960	56.9386744558380
1.72626615276071	56.8744013465787
1.72734896302156	56.8101282373191
1.72843177328249	56.7458551280788
1.72951458354344	56.6815820188335
1.73059739380459	56.6173089096168
1.73188925377984	56.5739407717788
1.73333594068566	56.5460553269935
1.73478262759183	56.5181698822795
1.73622931449791	56.4902844375533
1.73767600140376	56.4623989927964
1.73912268830973	56.4345135480492
1.74056937521555	56.4066281032914
1.74201606212146	56.3787426585430
1.74346274902758	56.3508572138233
1.74490943593334	56.3229717690542
1.74635612283924	56.2950863243034
1.74780280974529	56.2672008795750
1.74924949665130	56.2393154348363
1.75069618355723	56.2114299900909
1.75214287046316	56.1835445453475
1.75358955736909	56.1556591005991
1.75503624427502	56.1277736558566
1.75648293118099	56.0998882111153
1.75792961808689	56.0720027663604
1.75937630499280	56.0441173216146
1.76082299189881	56.0162318768827
1.76226967880468	55.9883464321300
1.76371636571073	55.9604609873976
1.76516305261667	55.9325755426531
1.76660973952251	55.9046900978966
1.76805642642850	55.8768046531602
1.76950311333448	55.8489192084185
1.77094980024037	55.8210337636660
1.77239648714633	55.7931483189284
1.77384317405239	55.7652628741987
1.77528986095819	55.7373774294365
1.77673654786416	55.7094919846944
1.77818323477006	55.6816065399468
1.77962992167619	55.6537210952256
1.78107660858190	55.6258356504541
1.78252329548788	55.5979502057116
1.78396998239387	55.5700647609765
1.78541666929979	55.5421793162272
1.78686335620585	55.5142938715001
1.78831004311158	55.4864084267287
1.78975673001765	55.4585229820021
1.79120341692352	55.4306375372490
1.79265010382944	55.4027520925025
1.79409679073545	55.3748666477712
1.79554347764130	55.3469812030079
1.79699016454737	55.3190957582864
1.79843685145333	55.2912103135435
1.79988353835933	55.2633248688066
1.80036576732784	55.2540297205450
1.80052651031737	55.2509313377846
1.80068725330681	55.2478329550231
1.80186833080705	55.1873187686756
1.80301880548431	55.1230451837748
1.80416928016158	55.0587715988701
1.80531975483888	54.9944980139693
1.80659895173318	54.9430966507525
1.80810007135050	54.9138875598223
1.80960119096773	54.8846784689187
1.81110231058490	54.8554693779985
1.81260343020216	54.8262602870951
1.81410454981944	54.7970511961956
1.81560566943649	54.7678421052609
1.81710678905398	54.7386330143877
1.81860790867097	54.7094239234441
1.82010902828829	54.6802148325555
1.82161014790557	54.6510057416494
1.82311126752280	54.6217966507445
1.82461238714000	54.5925875598318
1.82611350675723	54.5633784689202
1.82761462637433	54.5341693779947
1.82911574599179	54.5049602871183
1.83061686560892	54.4757511961954
1.83211798522620	54.4465421052977
1.83361910484323	54.4173330143597
1.83512022446067	54.3881239234804
1.83662134407776	54.3589148325511
1.83812246369505	54.3297057416520
1.83962358331224	54.3004966507459
1.84112470292948	54.2712875598328
1.84262582254662	54.2420784689119
1.84412694216383	54.2128693779996
1.84562806178116	54.1836602871053
1.84712918139843	54.1544511961983
1.84863030101551	54.1252421052704
1.85013142063270	54.0960330143617
1.85163254025007	54.0668239234721
1.85313365986714	54.0376148325418
1.85463477948427	54.0084057416188
1.85613589910159	53.9791966507240
1.85763701871888	53.9499875598227
1.85913813833601	53.9207784688984
1.86063925795328	53.8915693779992
1.86214037757064	53.8623602871041
1.86364149718765	53.8331511961651
1.86514261680506	53.8039421052844
1.86664373642232	53.7747330143753
1.86814485603942	53.7455239234548
1.86964597565669	53.7163148325552
1.87114709527404	53.6871057416608
1.87264821489113	53.6578966507314
1.87414933450839	53.6286875598254
1.87565045412560	53.5994784689155
1.87715157374282	53.5702693780053
1.87865269336007	53.5410602871003
1.88015381297727	53.5118511961877
1.88065418618302	53.5021148325557
1.88115455938867	53.4923784689119
1.88237766339274	53.4287196172872
1.88359580283231	53.3644455913162
1.88490560260290	53.3093375984440
1.88646208380584	53.2788977487748
1.88801856500884	53.2484578991528
1.88957504621177	53.2180180495166
1.89113152741481	53.1875781999009
1.89268800861790	53.1571383502885
1.89424448982082	53.1266985006489
1.89580097102392	53.0962586510425
1.89735745222683	53.0658188014058
1.89891393342995	53.0353789517910
1.90047041463277	53.0049391021449
1.90202689583601	52.9744992525525
1.90358337703888	52.9440594029107
1.90513985824187	52.9136195532822
1.90669633944494	52.8831797036725
1.90825282064789	52.8527398540331
1.90980930185095	52.8223000044179
1.91136578305394	52.7918601547923
1.91292226425699	52.7614203051723
1.91447874545996	52.7309804555492
1.91603522666301	52.7005406059308
1.91759170786593	52.6701007562920
1.91914818906884	52.6396609066524
1.92070467027189	52.6092210570356
1.92226115147485	52.5787812074074
1.92243409383079	52.5753990018954
1.92260703618668	52.5720167963859
1.92277997854267	52.5686345908820
1.92295292089845	52.5652523853550
1.92312586325446	52.5618701798601
1.92329880561027	52.5584879743313
1.92347174796624	52.5551057688298
1.92364469032203	52.5517235633055
1.92381763267798	52.5483413578026
1.92399057503377	52.5449591522768
1.92416351738986	52.5415769467926
1.92433645974562	52.5381947412603
1.92450940210155	52.5348125357507
1.92468234445739	52.5314303302327
1.92485528681318	52.5280481247034
1.92502822916913	52.5246659191968
1.92520117152506	52.5212837136917
1.92537411388085	52.5179015081611
1.92554705623682	52.5145193026611
1.92571999859264	52.5111370971394
1.92589294094863	52.5077548916364
1.92606588330462	52.5043726861339
1.92623882566028	52.5009904805897
1.92641176801612	52.4976082750760
1.92658471037211	52.4942260695714
1.92675765272807	52.4908438640688
1.92693059508403	52.4874616585633
1.92710353743998	52.4840794530614
1.92727647979562	52.4806972475154
1.92744942215158	52.4773150420095
1.92762236450742	52.4739328364876
1.92779530686338	52.4705506309852
1.92796824921928	52.4671684254717
1.92814119157511	52.4637862199522
1.92831413393106	52.4604040144474
1.92848707628687	52.4570218089244
1.92866001864284	52.4536396034202
1.92883296099869	52.4502573978981
1.92900590335458	52.4468751923836
1.92917884571039	52.4434929868564
1.92935178806639	52.4401107813588
1.92952473042230	52.4367285758491
1.92969767277804	52.4333463703171
1.92987061513394	52.4299641648041
1.93004355748989	52.4265819593044
1.93021649984595	52.4231997538065
1.93038944220166	52.4198175482714
1.93056238455757	52.4164353427608
1.93073532691351	52.4130531372520
1.93090826926934	52.4096709317353
1.93108121162526	52.4062887262264
1.93125415398107	52.4029065206985
1.93142709633700	52.3995243151890
1.93160003869283	52.3961421096686
1.93177298104870	52.3927599041565
1.93194592340483	52.3893776986704
1.93211886576057	52.3859954931385
1.93229180811649	52.3826132876336
1.93246475047256	52.3792310821390
1.93263769282826	52.3758488765963
1.93281063518417	52.3724666710893
1.93298357754003	52.3690844655711
1.93315651989597	52.3657022600617
1.93332946225190	52.3623200545545
1.93350240460774	52.3589378490320
1.93367534696359	52.3555556435182
1.93384828931952	52.3521734380027
1.93402123167535	52.3487912324855
1.93419417403106	52.3454090269486
1.93436711638702	52.3420268214440
1.93454005874308	52.3386446159488
1.93471300109900	52.3352624104415
1.93488594345459	52.3318802048900
1.93505888581065	52.3284979993974
1.93523182816647	52.3251157938737
1.93540477052249	52.3217335883787
1.93557771287842	52.3183513828695
1.93575065523438	52.3149691773632
1.93592359759012	52.3115869718322
1.93609653994599	52.3082047663159
1.93626948230197	52.3048225608123
1.93644242465779	52.3014403552906
1.93661536701367	52.2980581497719
1.93678830936960	52.2946759442670
1.93696125172544	52.2912937387462
1.93713419408129	52.2879115332287
1.93730713643729	52.2845293277314
1.93748007879318	52.2811471222158
1.93765302114902	52.2777649166940
1.93782596350487	52.2743827111739
1.93799890586075	52.2710005056622
1.93817184821667	52.2676183001514
1.93834479057254	52.2642360946381
1.93851773292854	52.2608538891374
1.93869067528438	52.2574716836178
1.93886361764021	52.2540894780998
1.93903655999611	52.2507072725832
1.93920950235213	52.2473250670894
1.93938244470793	52.2439428615627
1.93955538706384	52.2405606560515
1.93972832941975	52.2371784505416
1.93990127177559	52.2337962450185
1.94007421413139	52.2304140394900
1.94024715648733	52.2270318339826
1.94042009884330	52.2236496284842
1.94059304119916	52.2202674229709
1.94076598355498	52.2168852174463
1.94093892591077	52.2135030119206
1.94111186826664	52.2101208064033
1.94128481062279	52.2067386009260
1.94145775297855	52.2033563953957
1.94163069533444	52.1999741898812
1.94180363769047	52.1965919843865
1.94197658004628	52.1932097788607
1.94214952240210	52.1898275733373
1.94232246475792	52.1864453678146
1.94249540711391	52.1830631623068
1.94266834946997	52.1796809568176
1.94284129182575	52.1762987512899
1.94301423418172	52.1729165457855
1.94318717653745	52.1695343402523
1.94336011889332	52.1661521347397
1.94353306124939	52.1627699292452
1.94370600360511	52.1593877237097
1.94387894596105	52.1560055181977
1.94405188831698	52.1526233126887
1.94422483067284	52.1492411071782
1.94439777302862	52.1458589016445
1.94457071538450	52.1424766961317
1.94474365774061	52.1390944906452
1.94491660009644	52.1357122851253
1.94508954245230	52.1323300796121
1.94526248480814	52.1289478740935
1.94543542716414	52.1255656685922
1.94560836951991	52.1221834630633
1.94578131187582	52.1188012575519
1.94595425423190	52.1154190520644
1.94612719658765	52.1120368465299
1.94630013894356	52.1086546410208
1.94647308129940	52.1052724354987
1.94664602365530	52.1018902299848
1.94681896601108	52.0985080244578
1.94699190836717	52.0951258189701
1.94716485072285	52.0917436134248
1.94733779307900	52.0883614079411
1.94751073543473	52.0849792024139
1.94768367779047	52.0815969968805
1.94785662014644	52.0782147913788
1.94802956250250	52.0748325858871
1.94820250485826	52.0714503803560
1.94837544721411	52.0680681748365
1.94854838957003	52.0646859693277
1.94872133192600	52.0613037638241
1.94889427428180	52.0579215582975
1.94906721663768	52.0545393527850
1.94924015899367	52.0511571472824
1.94941310134959	52.0477749417757
1.94958604370532	52.0443927362410
1.94975898606129	52.0410105307348
1.94993192841712	52.0376283252149
1.95010487077306	52.0342461197077
1.95027781312888	52.0308639141881
1.95045075548487	52.0274817086868
1.95062369784064	52.0240995031579
1.95079664019665	52.0207172976588
1.95096958255244	52.0173350921306
1.95114252490844	52.0139528866310
1.95131546726435	52.0105706811194
1.95148840962023	52.0071884756062
1.95166135197601	52.0038062700804
1.95183429433204	52.0004240645814
1.95200723668790	51.9970418590637
1.95218017904368	51.9936596535405
1.95235312139964	51.9902774480313
1.95252606375532	51.9868952424919
1.95269900611138	51.9835130370047
1.95287194846724	51.9801308314803
1.95304489082313	51.9767486259710
1.95321783317900	51.9733664204491
1.95339077553493	51.9699842149437
1.95356371789072	51.9666020094130
1.95373666024660	51.9632198038986
1.95390960260267	51.9598375984090
1.95408254495849	51.9564553928909
1.95425548731436	51.9530731873716
1.95442842967038	51.9496909818806
1.95460137202624	51.9463087763588
1.95477431438204	51.9429265708345
1.95494725673798	51.9395443653254
1.95512019909386	51.9361621598086
1.95529314144966	51.9327799542882
1.95546608380566	51.9293977487847
1.95563902616153	51.9260155432705
1.95581196851736	51.9226333377409
1.95598491087341	51.9192511322576
1.95615785322915	51.9158689267239
1.95633079558495	51.9124867211964
1.95650373794073	51.9091045156703
1.95667668029674	51.9057223101704
1.95684962265270	51.9023401046648
1.95702256500860	51.8989578991489
1.95719550736456	51.8955756936496
1.95736844972042	51.8921934881281
1.95754139207631	51.8888112826152
1.95771433443223	51.8854290771064
1.95788727678804	51.8820468715775
1.95806021914404	51.8786646660809
1.95823316149993	51.8752824605673
1.95840610385559	51.8719002550221
1.95857904621177	51.8685180495496
1.95875198856750	51.8651358440176
1.95892493092362	51.8617536385337
1.95909787327922	51.8583714329773
1.95927081563517	51.8549892274733
1.95944375799110	51.8516070219608
1.95961670034706	51.8482248164606
1.95978964270261	51.8448426109016
1.95996258505878	51.8414604054221
1.96013552741456	51.8380781998946
1.96030846977056	51.8346959943953
1.96048141212638	51.8313137888727
1.96065435448225	51.8279315833553
1.96082729683832	51.8245493778661
1.96100023919403	51.8211671723318
1.96117318154997	51.8177849668228
1.96134612390578	51.8144027613009
1.96151906626171	51.8110205557929
1.96169200861754	51.8076383502737
1.96186495097343	51.8042561447576
1.96203789332940	51.8008739392575
1.96221083568521	51.7974917337270
1.96238377804111	51.7941095282203
1.96255672039708	51.7907273227153
1.96272966275296	51.7873451172018
1.96290260510881	51.7839629116848
1.96307554746477	51.7805807061771
1.96324848982061	51.7771985006568
1.96342143217641	51.7738162951332
1.96359437453246	51.7704340896369
1.96376731688829	51.7670518841121
1.96394025924426	51.7636696786099
1.96411320160008	51.7602874730856
1.96428614395605	51.7569052675818
1.96445908631186	51.7535230620569
1.96463202866779	51.7501408565485
1.96480497102369	51.7467586510349
1.96497791337966	51.7433764455348
1.96515085573535	51.7399942399946
1.96520850318734	51.7388668381610
1.96535295326002	51.7319230973011
1.96549582042796	51.7247814932768
1.96563868759576	51.7176398892560
1.96578155476374	51.7104982852540
1.96592442193171	51.7033566812491
1.96606728909958	51.6962150772271
1.96621015626755	51.6890734732275
1.96635302343542	51.6819318692165
1.96652881926753	51.6780831315817
1.96670800562314	51.6745734463398
1.96688719197874	51.6710637610922
1.96706637833463	51.6675540758885
1.96724556469033	51.6640443906512
1.96742475104604	51.6605347054244
1.96760393740188	51.6570250202068
1.96778312375750	51.6535153349642
1.96796231011326	51.6500056497373
1.96814149646895	51.6464959645021
1.96832068282470	51.6429862792771
1.96849986918044	51.6394765940483
1.96867905553613	51.6359669088182
1.96885824189182	51.6324572235848
1.96903742824753	51.6289475383522
1.96921661460328	51.6254378531297
1.96939580095901	51.6219281679010
1.96957498731465	51.6184184826595
1.96975417367044	51.6149087974377
1.96993336002610	51.6113991122003
1.97011254638186	51.6078894269756
1.97029173273773	51.6043797417646
1.97047091909329	51.6008700565122
1.97065010544910	51.5973603712919
1.97082929180475	51.5938506860541
1.97100847816040	51.5903410008171
1.97118766451605	51.5868313155758
1.97136685087196	51.5833216303750
1.97154603722764	51.5798119451361
1.97172522358337	51.5763022599143
1.97190440993917	51.5727925746909
1.97208359629486	51.5692828894604
1.97226278265040	51.5657732042012
1.97244196900628	51.5622635189954
1.97262115536195	51.5587538337588
1.97280034171770	51.5552441485323
1.97297952807338	51.5517344632927
1.97315871442915	51.5482247780693
1.97333790078478	51.5447150928310
1.97351708714054	51.5412054076072
1.97369627349621	51.5376957223676
1.97387545985211	51.5341860371590
1.97405464620786	51.5306763519332
1.97423383256336	51.5271666666740
1.97441301891934	51.5236569814809
1.97459220527485	51.5201472962210
1.97477139163067	51.5166376109998
1.97495057798635	51.5131279257655
1.97512976434211	51.5096182405397
1.97530895069782	51.5061085553089
1.97548813705344	51.5025988700660
1.97566732340930	51.4990891848567
1.97584650976503	51.4955794996282
1.97602569612072	51.4920698143932
1.97620488247643	51.4885601291615
1.97638406883205	51.4850504439204
1.97656325518787	51.4815407587027
1.97674244154357	51.4780310734676
1.97692162789923	51.4745213882309
1.97710081425503	51.4710117030127
1.97728000061072	51.4675020177738
1.97745918696641	51.4639923325332
1.97763837332226	51.4604826473273
1.97781755967792	51.4569729620880
1.97799674603359	51.4534632768472
1.97817593238941	51.4499535916352
1.97835511874524	51.4464439064184
1.97853430510077	51.4429342211664
1.97871349145648	51.4394245359326
1.97889267781231	51.4359148507164
1.97907186416788	51.4324051654706
1.97925105052363	51.4288954802395
1.97943023687940	51.4253857950158
1.97960942323512	51.4218761097852
1.97978860959102	51.4183664245776
1.97996779594656	51.4148567393248
1.98014698230250	51.4113470541241
1.98032616865787	51.4078373688460
1.98050535501369	51.4043276836310
1.98068454136940	51.4008179984004
1.98086372772518	51.3973083131783
1.98104291408096	51.3937986279582
1.98122210043666	51.3902889427249
1.98140128679219	51.3867792574735
1.98158047314805	51.3832695722601
1.98175965950371	51.3797598870209
1.98193884585947	51.3762502017984
1.98211803221523	51.3727405165721
1.98229721857083	51.3692308313278
1.98247640492655	51.3657211460932
1.98265559128233	51.3622114608779
1.98283477763813	51.3587017756577
1.98301396399380	51.3551920904242
1.98319315034938	51.3516824051748
1.98337233670522	51.3481727199581
1.98355152306101	51.3446630347406
1.98373070941668	51.3411533495028
1.98390989577232	51.3376436642582
1.98408908212806	51.3341339790314
1.98426826848378	51.3306242937999
1.98444745483957	51.3271146085835
1.98462664119521	51.3236049233397
1.98480582755102	51.3200952381295
1.98498501390669	51.3165855528853
1.98516420026244	51.3130758676631
1.98534338661820	51.3095661824375
1.98552257297395	51.3060564972117
1.98570175932965	51.3025468119768
1.98588094568527	51.2990371267374
1.98606013204096	51.2955274414985
1.98623931839673	51.2920177562721
1.98641850475238	51.2885080710339
1.98659769110815	51.2849983858126
1.98677687746393	51.2814887005893
1.98695606381963	51.2779790153576
1.98713525017533	51.2744693301208
1.98731443653103	51.2709596448915
1.98749362288680	51.2674499596702
1.98767280924242	51.2639402744238
1.98785199559829	51.2604305892167
1.98803118195402	51.2569209039909
1.98821036830972	51.2534112187592
1.98838955466533	51.2499015335153
1.98856874102100	51.2463918482732
1.98874792737687	51.2428821630699
1.98892711373250	51.2393724778298
1.98910630008829	51.2358627926054
1.98928548644400	51.2323531073710
1.98946467279977	51.2288434221503
1.98964385915537	51.2253337369083
1.98982304551133	51.2218240517124
1.99000223186684	51.2183143664508
1.99018141822240	51.2148046811995
1.99036060457826	51.2112949959907
1.99053979093394	51.2077853107538
1.99071897728970	51.2042756255316
1.99089816364534	51.2007659402878
1.99107735000114	51.1972562550702
1.99125653635676	51.1937465698260
1.99143572271251	51.1902368845983
1.99161490906822	51.1867271993710
1.99179409542403	51.1832175141569
1.99197328177981	51.1797078289284
1.99215246813555	51.1761981437045
1.99233165449111	51.1726884584508
1.99251084084690	51.1691787732340
1.99269002720258	51.1656690880000
1.99286921355837	51.1621594027760
1.99304839991406	51.1586497175427
1.99322758626964	51.1551400322933
1.99340677262545	51.1516303470771
1.99358595898108	51.1481206618325
1.99376514533698	51.1446109766274
1.99394433169259	51.1411012913796
1.99412351804848	51.1375916061782
1.99430270440404	51.1340819209258
1.99448189075976	51.1305722356936
1.99466107711569	51.1270625504886
1.99484026347132	51.1235528652510
1.99501944982694	51.1200431800042
1.99519863618282	51.1165334947980
1.99537782253836	51.1130238095406
1.99555700889419	51.1095141243236
1.99573619524981	51.1060044390769
1.99591538160555	51.1024947538533
1.99609456796127	51.0989850686236
1.99627375431706	51.0954753834031
1.99645294067282	51.0919656981819
1.99663212702849	51.0884560129421
1.99681131338433	51.0849463277273
1.99699049973982	51.0814366424726
1.99716968609554	51.0779269572377
1.99734887245127	51.0744172720105
1.99752805880679	51.0709075867534
1.99770724516267	51.0673979015473
1.99788643151840	51.0638882163146
1.99806561787421	51.0603785310912
1.99824480423005	51.0568688458823
1.99842399058567	51.0533591606389
1.99860317694138	51.0498494754091
1.99878236329710	51.0463397901751
1.99896154965272	51.0428301049376
1.99914073600841	51.0393204197053
1.99931992236434	51.0358107344984
1.99949910871995	51.0323010492517
1.99967829507580	51.0287913640400
1.99985748143141	51.0252816787970
2.00003666778720	51.0217719935747
2.00021585414281	51.0182623083315
2.00039504049867	51.0147526231158
2.00057422685429	51.0112429378729
2.00075341321012	51.0077332526585
2.00093259956581	51.0042235674228
2.00111178592159	51.0007138822019
2.00129097227701	50.9972041969309
2.00147015863279	50.9936945117084
2.00164934498851	50.9901848264796
2.00182853134436	50.9866751412690
2.00200771770001	50.9831654560297
2.00218690405565	50.9796557707897
2.00236609041145	50.9761460855653
2.00254527676706	50.9726364003243
2.00272446312293	50.9691267151156
2.00290364947859	50.9656170298752
2.00308283583447	50.9621073446662
2.00326202219007	50.9585976594212
2.00344120854595	50.9550879742135
2.00362039490150	50.9515782889594
2.00379958125733	50.9480686037412
2.00397876761306	50.9445589185124
2.00415795396861	50.9410492332611
2.00433714032444	50.9375395480428
2.00451632668011	50.9340298628072
2.00469551303584	50.9305201775774
2.00487469939157	50.9270104923445
2.00505388574737	50.9235008071281
2.00523307210302	50.9199911218869
2.00541225845883	50.9164814366731
2.00559144481445	50.9129717514244
2.00577063117025	50.9094620662071
2.00594981752595	50.9059523809756
2.00612900388174	50.9024426957508
2.00630819023740	50.8989330105192
2.00648737659293	50.8954233252607
2.00666656294875	50.8919136400423
2.00684574930456	50.8884039548288
2.00702493566030	50.8848942696047
2.00720412201585	50.8813845843483
2.00738330837178	50.8778748991471
2.00756249472731	50.8743652138918
2.00774168108314	50.8708555286728
2.00792086743882	50.8673458434427
2.00810005379463	50.8638361582261
2.00827924015020	50.8603264729710
2.00845842650594	50.8568167877486
2.00863761286159	50.8533071025070
2.00881679921741	50.8497974172888
2.00899630238215	50.8463276836461
2.01030046492572	0.0