0 0
0.00015036 1567466.5444439184
0.00015306 1595613.3898148648
0.00015576 1623760.2351859114
0.00015846000000000002 1651907.0805571787
0.00015984700999291192 1666353.7637133112
0.00017190099177426016 1791762.4661659421
0.00018376355474164315 1915175.9589334324
0.00019291665062147166 2010353.2681617592
0.00019791759690956928 2062259.9998847202
0.00020280999873070288 2113035.716467192
0.0002076149008936109 2162899.788756202
0.00021234859366171173 2212022.010171169
0.00021702370497768517 2260533.990427656
0.00022164654215225436 2308501.479656211
0.00022547978785212078 2348245.4623270007
0.0002286212167437409 2380784.288326796
0.00023171524619553614 2412829.5120060802
0.00023384689463168428 2434853.8259423086
0.0002352863123961511 2449670.2423226433
0.00023668785030923008 2464092.2744537923
0.00023805371291724431 2478142.900493198
0.00023938595762401183 2491843.5633949223
0.0002406865063382998 2505214.2925271466
0.00024195715569266723 2518273.810376037
0.00024319958612001514 2531039.627328258
0.0002444153700034787 2543528.1267693024
0.00024560597906567936 2555754.6422439353
0.00024677279112446783 2567733.527992452
0.0002479170963124332 2579478.223889211
0.0002490401028347247 2591001.315552019
0.00025013149184595205 2602195.464868457
0.00025118653288750135 2613011.4692107164
0.00025223088707963494 2623716.3017110457
0.00025326484504549116 2634312.99219569
0.0002542886542798794 2644804.1214751573
0.00025509464819368913 2653029.8269221205
0.000255770692524489 2659904.016384065
0.00025640425963254106 2666336.4505143072
0.00025702122964459237 2672596.2921379805
0.000257622121705511 2678688.949551854
0.00025820761662744755 2684621.5113839265
0.00025862901568136205 2688847.9883598625
0.0002586426651158843 2688982.162223581
0.00025915775373883164 2694027.9932223223
0.0002596158657436333 2698481.533030358
0.00026001652446275427 2702337.8985154005
0.00026036532810535395 2705655.3314080634
0.0002606749352047698 2708565.4425681774
0.0002609475181927282 2711090.851089207
0.00026118499984101627 2713251.5770276524
0.00026138907974747143 2715065.3174512023
0.0002615612586602464 2716547.699905849
0.0002617029744112712 2717713.6948439735
0.00026181616591911563 2718583.4729147535
0.00026190298167064674 2719179.3763631587
0.0002619654624271652 2719522.623980633
0.0002620054574377298 2719632.441647607
0.0002619846002487763 2719110.6280749133
0.00026191755212061997 2718109.384908043
0.00026169985269139373 2715544.7233914984
0.0002614631759441516 2712783.142344045
0.00026120860024797667 2709835.8524733167
0.0002609371207991543 2706713.1991460826
0.0002605982592354396 2702891.6121821743
0.0002602094283296519 2698551.725012872
0.00025980626079388807 2694063.156940149
0.0002593259286588866 2688774.4531133873
0.0002588044434906391 2683059.037864656
0.0002582709631623361 2677219.2671436816
0.0002577259996439024 2671260.4623598335
0.00025717002701645806 2665187.551044081
0.00025660348402933457 2659005.0934796813
0.00025602677642219706 2652717.306887388
0.00025544027903349093 2646328.0873871893
0.0002548443377139317 2639841.029927359
0.0002542392710626016 2633259.446372335
0.0002536253720023774 2626586.3819156736
0.0002530029092091057 2619824.6299712574
0.00025237212840955903 2612976.7457011323
0.00025173325356136225 2606045.058313726
0.00025108648792799 2599031.682271338
0.00025043201506180405 2591938.5275416486
0.00024976999970762755 2584767.3090210077
0.00024910058863990476 2577519.555268266
0.0002484239845567348 2570197.373136135
0.00024774045645293197 2562803.5549617657
0.00024705026179982196 2555340.7731989566
0.00024635366279960664 2547811.748637262
0.00024565091817880277 2540219.165462832
0.0002449422727210979 2532565.563053597
0.00024421523997068405 2524721.8510936997
0.00024347779480483455 2516770.4896908933
0.0002427351180975281 2508765.051081464
0.00024198740078209025 2500707.5157218184
0.00024123482410379614 2492599.76347435
0.00024045882848076848 2484250.0453717257
0.00023965418564767015 2475604.350302603
0.00023884444769734062 2466906.0231384635
0.00023802976330411456 2458156.6065849164
0.00023737286983414172 2451058.986420708
0.00023674729975026686 2444262.4668480307
0.00023611429582969307 2437389.200229956
0.00023547410239004902 2430441.716721443
0.00023482695760821876 2423422.485007604
0.0002341730870268393 2416333.842756943
0.00023349030923496157 2408946.9244413474
0.00023275719176608822 2401040.658023348
0.00023200056108957945 2392891.8199818507
0.00023123775049927223 2384679.241263314
0.0002304689054553725 2376404.431170128
0.00022969416232515116 2368068.8048684485
0.000228913648788299 2359673.6876080614
0.000228127484216424 2351220.3186690183
0.00022749852126248505 2344387.1650175587
0.00022686190087250373 2337475.1015060334
0.00022621781181308964 2330486.0844007717
0.00022556643218107843 2323421.9600944626
0.00022524208370079964 2319768.6179312365
0.00022495938678903193 2316501.946128212
0.00022466343707580413 2313098.8104675957
0.00022435459742127354 2309562.9619171508
0.00022403342976912703 2305900.205679099
0.00022370059929450626 2302117.407793046
0.00022335672971220957 2298221.0055760844
0.00022300240595804236 2294217.0353881633
0.0002226381767115844 2290111.158766098
0.00022241476261081699 2287475.393456597
0.00022238445214217342 2286803.919495403
0.00022233975413707386 2285984.5513372
0.00022228159190376638 2285026.750574749
0.00022221082461102535 2283939.3711686926
0.0002220907386373499 2282345.09275607
0.00022195114384842651 2280550.318074442
0.00022169685661692004 2277577.0789938197
0.00022143012756965325 2274476.018866658
0.0002211523302871534 2271261.2683984456
0.00022086397866928351 2267938.1234928137
0.00022056555489635338 2264511.552705436
0.00022025751175226788 2260986.221243768
0.0002199402747587912 2257366.5130195627
0.0002196131015727976 2253644.826002548
0.00021920001343852494 2249041.5196186975
0.00021873024188933873 2243856.5965171247
0.00021825229858542762 2238587.842938918
0.00021776643342112867 2233237.8357187817
0.00021727287926331682 2227808.976291932
0.00021677185284686902 2222303.4999548295
0.00021626355560466667 2216723.484454814
0.0002157481744382057 2211070.8579628016
0.00021522588243290093 2205347.406474482
0.00021469683952501765 2199554.7807131647
0.0002143249522275297 2195397.420015405
0.00021408968511725383 2192614.237458089
0.0002138430440228979 2189714.5738237957
0.0002138367344685422 2189640.612459175
0.0002137090896258437 2188146.4994558366
0.00021357869563926925 2186624.238232867
0.00021344558042541632 2185074.117010217
0.00021330978860978589 2183496.5949919685
0.00021317138775567561 2181892.3661585497
0.0002130304447333544 2180262.1172311977
0.00021288702446950589 2178606.5149427326
0.00021274118999468013 2176926.206509529
0.0002125930025004011 2175221.820221331
0.00021244252139498483 2173493.9660167317
0.00021228980435722183 2171743.236037647
0.00021213490738893265 2169970.2051710864
0.0002119778848655535 2168175.4315706217
0.00021181878958552311 2166359.4571659006
0.000211818786455814 2166359.422146793
0.00021182446868362375 2166228.6965150875
0.00021182519715414816 2166198.379122063
0.00021182579165420292 2166166.691700088
0.00021182625303738686 2166133.6430037366
0.0002118265821508069 2166099.241716374
0.00021182677983532365 2166063.496460935
0.0002118258258255839 2165864.9080467434
0.00021182170872051435 2165633.977774931
0.00021181452688832927 2165371.714169123
0.0002118043751438577 2165079.0892513795
0.00021179134488751814 2164757.039971497
0.00021177552423854904 2164406.4695788785
0.0002117569981630825 2164028.248940699
0.00021173584859697262 2163623.217805724
0.00021171215456358765 2163192.186014711
0.00021168599228716078 2162735.9346680488
0.00021161940421971423 2161866.678117822
0.00021152025116310806 2160664.7317135376
0.00021141372120593168 2159387.428774747
0.00021130458299621803 2158083.485041499
0.00021119289681359625 2156753.518492749
0.00021107872116349975 2155398.1288847635
0.00021096211283730943 2154017.8983681966
0.00021084312697049762 2152613.3920867946
0.00021072181709858959 2151185.158751385
0.00021059823521091646 2149733.73119652
0.0002104724318025427 2148259.626910153
0.0002103444559242639 2146763.348552184
0.00021021435523075176 2145245.3844456715
0.00021008217602682698 2143706.209055712
0.00020994796331220118 2142146.283448165
0.00020981176082462635 2140566.0557336886
0.00020967361108116558 2138965.96149135
0.00020953355541818695 2137346.424181266
0.000209391634030042 2135707.855540924
0.0002092478860059584 2134050.6559659215
0.0002091023493659581 2132375.2148774564
0.00020890217044036352 2130142.5458585545
0.00020869896973334045 2127879.0633672597
0.00020849370850205672 2125594.571919216
0.00020828600433219573 2123285.1749233394
0.0002080758545122219 2120950.8464987497
0.00020786393085495933 2118598.4370603766
0.0002076502574326033 2116228.193598248
0.0002074348575068107 2113840.354800557
0.00020721775354920613 2111435.1512653925
0.00020699896726104417 2109012.805702327
0.00020677851959272444 2106573.533133933
0.00020655643076226068 2104117.5410853713
0.00020633272027367834 2101645.0297746104
0.00020610740693479987 2099156.192294557
0.00020588050887446123 2096651.214791137
0.00020565204355961147 2094130.2766384596
0.0002054220278117341 2091593.550608977
0.00020519047782306565 2089041.203037797
0.00020510044579840874 2087929.6472799561
0.00020500764392325242 2086789.895017272
0.00020491210316406027 2085622.2634210212
0.0002048138562634333 2084427.0883575229
0.00020471293972550663 2083204.7439038265
0.00020460940973814737 2081955.8044024103
0.00020450332844192047 2080680.90462915
0.00020439476096939201 2079380.7097168698
0.0002042837710758211 2078055.8706429603
0.00020417042067914017 2076707.0195812555
0.00020405476991105451 2075334.7704231483
0.00020393687716993824 2073939.7193158453
0.00020381679917283514 2072522.445199975
0.00020369459100542795 2071083.5103200008
0.00020357030617079982 2069623.4607272234
0.00020344399663664649 2068142.826760587
0.00020331571288123874 2066642.123520588
0.00020318550393807957 2065121.8513277636
0.000203053417439034 2063582.4961630302
0.0002029194996563707 2062024.5301015198
0.00020278379554352187 2060448.411727905
0.00020264634877477112 2058854.586545193
0.00020250720178354093 2057243.487366616
0.00020236639579971965 2055615.5346983736
0.00020222397088576918 2053971.1371102594
0.0002020799659719026 2052310.6915952996
0.0002019344188900621 2050634.5839191712
0.00020178736640697034 2048943.1889579734
0.00020163884425619777 2047236.8710273574
0.00020148888716915852 2045515.9841996394
0.00020139442491155852 2044369.8905869327
0.0002013827157588408 2044052.3560477588
0.000201368733629579 2043711.8097907081
0.00020134748909147174 2043297.561170349
0.00020126812801328007 2042293.5347125884
0.00020118603492690486 2041261.7862068447
0.00020110127357436346 2040202.9650875353
0.00020101390584945864 2039117.7019149729
0.00020092399186034764 2038006.609015055
0.00020082661781595741 2036819.848908624
0.00020072492225680405 2035589.257755043
0.00020062101156655636 2034336.2025317308
0.00020051493432295865 2033061.178026525
0.00020040673775231012 2031764.6652320358
0.00020029646777387452 2030447.1317958455
0.00020018416904308891 2029109.0324662277
0.0002000698849924663 2027750.8095081914
0.00019995365787158062 2026372.8931133435
0.0001998355287851268 2024975.7017882625
0.00019971553773007956 2023559.6427355446
0.00019959372363076314 2022125.1122100241
0.00019947012437347765 2020672.4958753944
0.00019934477683926388 2019202.1691377219
0.0001992177169356852 2017714.4974709786
0.00019908897962746732 2016209.836728642
0.0001989561913800136 2014664.153426251
0.00019880371315631902 2012919.0890524443
0.00019862203672338944 2010878.3831932282
0.00019843864620113457 2008820.323641036
0.0001982535653483513 2006745.1526482552
0.0001980668171633479 2004653.1047253213
0.0001978784239039334 2002544.4068442332
0.00019768840710698745 2000419.278639301
0.00019749678760733503 1998277.9325985685
0.0001973035855562908 1996120.57425635
0.00019710882043969135 1993947.4023755281
0.00019691251109530837 1991758.6091258656
0.0001967146757301917 1989554.3802622398
0.00019651533193730923 1987334.8952942968
0.00019631449671203162 1985100.3276549962
0.00019611218646815103 1982850.8448647105
0.00019590841705355473 1980586.6086905173
0.0001957032037658817 1978307.7753069452
0.00019549656136767373 1976014.4954509744
0.00019528850410134845 1973706.9145749093
0.00019507904570400842 1971385.1729959445
0.00019486819942207608 1969049.4060486027
0.00019465598126141206 1966699.776914794
0.00019444241403913603 1964336.5175899183
0.0001942275209750926 1961959.8640670583
0.00019401132501601937 1959570.0495364943
0.00019379385043382158 1957167.3205486804
0.0001935751218908224 1954751.9275272642
0.00019346591583125372 1953442.5091395932
0.00019335452559490724 1952111.0376630337
0.00019324100159497386 1950758.0236589808
0.00019312539587315307 1949383.9947702256
0.00019300775906996103 1947989.464387341
0.00019288814046216127 1946574.932030385
0.00019276658799955828 1945140.8837258508
0.00019264314834063973 1943687.792368694
0.00019251786688764244 1942216.1180813
0.00019239078782047465 1940726.3085594021
0.00019226195412999945 1939218.7994110691
0.0001921314076504053 1937694.0144874991
0.00019199918909075362 1936152.3662058515
0.00019186533806569043 1934594.2558586432
0.00019172989312555823 1933020.0739261424
0.00019159289178560346 1931430.2003697744
0.00019145437055438893 1929825.0049239728
0.00019131436496165103 1928204.8473795026
0.0001911729095853312 1926570.0778594315
0.00019103003807785545 1924921.0370857164
0.00019088578319184215 1923258.0566428537
0.00019074017680517142 1921581.4592321024
0.00019059324994515534 1919891.5589182088
0.00019044503281237909 1918188.6613714676
0.00019029555480365651 1916473.0641030418
0.0001901448445345662 1914745.0566931902
0.00018999292986118435 1913004.9210127888
0.0001898945998552039 1911816.463502897
0.00018983975223961055 1911055.4599839682
0.00018975244358780636 1909965.8484052413
0.0001896627748278939 1908852.4809918802
0.00018957079699193942 1907715.8739773536
0.00018947655970609308 1906556.5293353784
0.000189380111236693 1905374.935249858
0.00018928149853485036 1904171.5665655353
0.00018918076727924077 1902946.8852261922
0.00018907796191757593 1901701.3406919066
0.000188973125706364 1900435.370346682
0.00018886630074951098 1899149.3998876265
0.00018875752803529088 1897843.8437026185
0.0001886468474721278 1896519.1052320036
0.00018853429792324073 1895175.577322877
0.00018840412887130244 1893654.9382370377
0.00018826934596819826 1892087.922412813
0.00018813291184408123 1890504.3119781883
0.00018799485986249469 1888904.4440604448
0.00018785522251596153 1887288.646962272
0.00018771403145257425 1885657.2404327334
0.00018757131750177738 1884010.5359272684
0.00018742711069917606 1882348.8368610998
0.00018728144031063265 1880672.4388523886
0.0001871343348557377 1878981.6299620061
0.00018698582213011667 1877276.6909187383
0.00018683592922739256 1875557.8953420797
0.00018668468256021771 1873825.509957369
0.00018651986854204203 1871956.951287019
0.00018634002900789294 1869937.585645716
0.00018615873482413997 1867903.6224715596
0.00018597600635185442 1865855.2677440497
0.00018579186332834668 1863792.7211399998
0.00018560632488195058 1861716.1761853204
0.00018541940954621813 1859625.820398888
0.00018523113527371514 1857521.8354323558
0.00018504151944930762 1855404.3972063772
0.00018485057890323933 1853273.6760428804
0.00018465832992338655 1851129.8367897863
0.00018446478826762092 1848973.038947554
0.00018426996917539706 1846803.43678605
0.00018407388737915603 1844621.1794604922
0.00018387655711541595 1842426.4111267515
0.0001836779921353922 1840219.2710449642
0.00018347820571541684 1837999.8936900015
0.0001832772106670671 1835768.4088525577
0.00018307501934696578 1833524.941737808
0.00018297896964964656 1832344.4989449303
0.0001828808384665334 1831143.2130330605
0.00018278064815607174 1829921.3095550474
0.00018267842289601118 1828679.0330313372
0.00018257418576877573 1827416.6169638564
0.00018246795879160366 1826134.28414006
0.00018235976294607965 1824832.2469321701
0.00018224961820746137 1823510.7075950536
0.00018213754357303982 1822169.8585537698
0.000182023557090538 1820809.8826894863
0.0001819076758860962 1819430.9536241875
0.00018178991619207353 1818033.2360029106
0.00018167029337476699 1816616.8857718073
0.00018154882196229298 1815182.050461669
0.00018142551567255094 1813728.8694711053
0.00018130039342638808 1812257.5341682928
0.00018117349025808898 1810768.3969689286
0.00018104484555888238 1809261.8537531656
0.00018091449787055217 1807738.291800459
0.00018078248482205435 1806198.0891875555
0.0001806488431444663 1804641.6149314889
0.00018051360869092995 1803069.2291926513
0.0001803768164564835 1801481.2834741327
0.00018023804322960568 1799873.5534841146
0.00018008856483010986 1798158.9201057837
0.00017993765837153047 1796430.0277532872
0.00017978535328599168 1794687.1720283744
0.0001796316783105059 1792930.641524489
0.00017947666150343937 1791160.717994115
0.00017932033026048214 1789377.6765076262
0.00017916271133040264 1787581.7856161143
0.00017900383083044167 1785773.3075055333
0.00017884371426136298 1783952.4981504246
0.00017879285882375554 1783221.559618347
0.00017873994339561667 1782470.0762674082
0.00017867769641443146 1781625.542157426
0.00017858207880044769 1780448.2564651906
0.00017848412721688988 1779247.7012825052
0.00017838389089939815 1778024.3703530813
0.00017828141780888696 1776778.7445927004
0.00017817675466855169 1775511.2924654507
0.00017806994699988874 1774222.4703454399
0.00017796103915756928 1772912.7228705003
0.00017783963864003254 1771478.524829003
0.00017770755409428015 1769937.8960420408
0.00017757362831306305 1768378.9288459744
0.00017743789908605332 1766802.0019063198
0.0001773004032424023 1765207.4842311933
0.00017716117667751215 1763595.7354423911
0.00017702025437917266 1761967.1060392677
0.00017687767045279477 1760321.9376521048
0.00017673345814609999 1758660.5632914058
0.00017658764987325918 1756983.3075923477
0.0001764402772379347 1755290.4870456567
0.00017629137105614772 1753582.4102282575
0.0001761409613782981 1751859.3780258098
0.0001759890775104902 1750121.6838471594
0.0001758357480355173 1748369.6138361758
0.00017568100083290117 1746603.447073455
0.00017552486309871227 1744823.4557751243
0.0001753673613645304 1743029.9054856286
0.00017520852151612412 1741223.055263541
0.00017504836881140643 1739403.1578645303
0.00017488692789789743 1737570.4599157756
0.00017472422282976946 1735725.2020886657
0.0001745529245810965 1733794.5852423415
0.00017436605375558266 1731709.2831813977
0.00017417782302760939 1729610.4753012299
0.0001739882511411325 1727498.349523502
0.00017379735628910188 1725373.088252218
0.00017360515612537038 1723234.8684973053
0.00017341166777591095 1721083.8619839642
0.00017321690785007383 1718920.2352694417
0.00017302089245119166 1716744.1498484942
0.00017282363718693013 1714555.7622590202
0.00017262515717941435 1712355.2241839715
0.00017242930934520493 1710181.857731215
0.00017233937964765067 1709057.9328127091
0.00017224726885254815 1707912.387310202
0.00017215300227043428 1706745.46616206
0.000172056610056449 1705557.4712389554
0.00017195812112129132 1704348.6919969288
0.00017185756316280781 1703119.4057954247
0.00017175496269575757 1701869.878197919
0.0001716503450811817 1700600.36326845
0.00017154373455388706 1699311.103846372
0.00017143515424941603 1698002.3318195315
0.00017132462622972927 1696674.268383236
0.000171212171508105 1695327.1242905532
0.0001710978100731872 1693961.1000944066
0.00017098156091223746 1692576.3863829086
0.0001708634420337525 1691173.164006783
0.0001707434704893664 1689751.604299871
0.00017062166239528053 1688311.8692955566
0.0001704980329531079 1686854.1119365627
0.0001703725964705569 1685378.4762834557
0.00017024536638162493 1683885.097717787
0.00017011635526665843 1682374.1031451789
0.00016998557487223957 1680845.6111930716
0.0001698530361312104 1679299.7324155504
0.0001697137372130971 1677687.0204639137
0.00016956851130775993 1676015.7146566547
0.00016942170540163652 1674328.7921164804
0.00016927871266167173 1672681.1020090901
0.00016924872188986797 1672148.4359799456
0.00016921604872171557 1671589.2927185893
0.00016918074034670848 1671004.1177322518
0.00016914284833552425 1670393.42406855
0.00016910242301302033 1669757.712330115
0.00016905951349571852 1669097.4710472298
0.0001690141690054622 1668413.189641875
0.00016896644692177289 1667705.437965241
0.00016891640682151142 1666974.807361203
0.0001688641065090111 1666221.871528238
0.0001688096020686839 1665447.1870343843
0.0001687429685061146 1664552.8488009
0.0001686477830400642 1663376.8522995987
0.0001685501369978428 1662176.5870682416
0.00016845008202278256 1660952.5658565215
0.00016834039218704486 1659633.5492015015
0.0001682170530894339 1658179.9609245032
0.0001680916162389792 1656705.6942840607
0.00016796412506610376 1655211.180296129
0.00016783462190796133 1653696.8390862634
0.0001677031480375229 1652163.080176435
0.00016756974369234266 1650610.302777217
0.00016743444810220413 1649038.8960605012
0.00016729729951646847 1647449.2394360956
0.0001671583352304033 1645841.7028127075
0.0001670175916109997 1644216.6468570083
0.0001668751041222517 1642574.423246809
0.00016673090734941218 1640915.3749120114
0.00016658503502306577 1639239.836276392
0.00016643752004226288 1637548.1334890751
0.0001662883944971479 1635840.5846482958
0.00016613768969094169 1634117.500023456
0.00016598543616152988 1632379.1822699786
0.00016583166370213423 1630625.9266341722
0.00016567640138174605 1628858.0211606305
0.00016551967756482257 1627075.7468846978
0.00016536151993052858 1625279.3780277339
0.00016520195549139628 1623469.1821818461
0.0001650410106115317 1621645.420491837
0.00016487871102428532 1619808.347831402
0.00016471508184937551 1617958.212974343
0.00016454554734491008 1616050.076727491
0.00016447057189573766 1615070.6267874544
0.0001643929364625287 1614065.0572250392
0.0001643126839646683 1613033.792432295
0.00016422985845291967 1611977.2687250888
0.00016414450227019163 1610895.9055290655
0.00016405665609551775 1609790.1058194567
0.00016396635898612366 1608660.2565396978
0.00016387364841752468 1607506.7290048064
0.0001637785603218072 1606329.8792808894
0.00016368112912409718 1605130.048550943
0.00016358138777739832 1603907.5634637119
0.00016347936779559835 1602662.73646234
0.00016337509928509563 1601395.866102561
0.0001632686109746366 1600107.2373502832
0.00016315993024398174 1598797.1218685275
0.00016304908315084658 1597465.7782879693
0.00016293609445686472 1596113.452467666
0.00016282098765196262 1594740.3777385931
0.0001627037849777342 1593346.7751380112
0.00016258450744956475 1591932.8536332257
0.00016246317487789044 1590498.8103345092
0.00016233980588832304 1589044.8306965858
0.00016221441794111674 1587571.0887164215
0.0001620870273496394 1586077.747117567
0.00016195764929806056 1584564.9575295334
0.00016182629785879615 1583032.8606624757
0.0001616929860093073 1581481.5864785518
0.0001615577256484047 1579911.2543536932
0.000161486561286584 1578984.7795694019
0.00016146510957003223 1578546.1823027018
0.00016144076432118642 1578060.4428205779
0.00016141348341025736 1577546.0076619098
0.00016138325963307532 1577002.8109247768
0.00016135010025806608 1576430.9281259968
0.00016131405736291685 1575830.8726148608
0.0001612751886556993 1575203.2125397678
0.00016123355043927981 1574548.5021656086
0.0001611891976509855 1573867.2822508668
0.00016114218749531124 1573160.1155071906
0.00016109258676770457 1572427.658150051
0.0001610404623331356 1571670.5668266665
0.00016098587901410593 1570889.4780628374
0.0001609288996519677 1570085.0088542537
0.00016086958516936547 1569257.7572856792
0.00016080799463056574 1568408.3031288409
0.0001607441853003043 1567537.208422825
0.0001606576301871994 1566444.3153831053
0.0001605547616964541 1565192.3508117772
0.00016044740721869643 1563896.6567093069
0.00016032366676212368 1562441.2439993857
0.0001601977641175597 1560964.7595814476
0.00016006974501006784 1559467.6523668852
0.00015993965397736318 1557950.3595630815
0.00015980753440217717 1556413.3069930938
0.00015967342854392803 1554856.9094085644
0.00015953737756960477 1553281.5707967384
0.0001593994215838748 1551687.6846772265
0.00015925959965851634 1550075.6343948347
0.00015911794986093382 1548445.7933999535
0.00015897450928211346 1546798.5255268717
0.0001588293140638131 1545134.185261657
0.00015868239942495337 1543453.118002858
0.0001585337996874716 1541755.660318728
0.0001583835483013559 1540042.1401920319
0.0001582316778690875 1538312.8772653693
0.00015807822016939246 1536568.183072259
0.0001579232061803392 1534808.361267
0.0001577666661019231 1533033.7078489736
0.00015760862937780812 1531244.5113746186
0.00015744912471669112 1529441.0531710843
0.0001572881801129118 1527623.60753786
0.0001571258228666208 1525792.4419473899
0.00015694806185773832 1523811.703899417
0.00015676128190195398 1521743.3927984147
0.0001565729990850117 1519660.4928276592
0.0001564779725657233 1518482.7157913947
0.0001563804018928085 1517280.2508691582
0.00015628033091747912 1516053.5267601553
0.00015617780439886465 1514802.9817597822
0.00015607286548430442 1513529.0383876627
0.00015596555575477048 1512232.1038374777
0.00015585591526862203 1510912.5704096458
0.00015574398260345803 1509570.815921656
0.0001556297948961873 1508207.2041059674
0.00015551338788154662 1506822.0849894758
0.00015539479592878284 1505415.7952560647
0.00015527405207700894 1503988.6585950018
0.00015515118806876463 1502540.986032908
0.00015502623438243385 1501073.0762543841
0.00015489922026279 1499585.2159030442
0.00015477017375102457 1498077.6798799718
0.0001546391217123853 1496550.7316145364
0.00015450608986381789 1495004.623339663
0.00015437110279927605 1493439.5963419124
0.00015423418401486658 1491855.881210343
0.00015409535593245195 1490253.6980694137
0.00015395463992245236 1488633.2568058593
0.00015381205632571977 1486994.7572850527
0.00015366762447454962 1485338.3895589653
0.0001535213627129559 1483664.3340673237
0.00015337328841626266 1481972.7618324654
0.00015322341800996827 1480263.8346446329
0.00015307176698827894 1478537.7052487615
0.00015291835723501822 1476794.5880216537
0.0001527632260913462 1475034.846651852
0.00015260051652736287 1473201.9321750256
0.000152434936873696 1471341.3080770106
0.00015226782550016043 1469465.8994163726
0.00015209920922376548 1467575.967631766
0.0001519291142765333 1465671.768430272
0.00015175756632056467 1463753.55193587
0.00015169412371122043 1462878.047747998
0.00015162826246017055 1461979.2200940521
0.00015156003101753204 1461057.5393592417
0.00015148947913082194 1460113.489241111
0.00015141665950443002 1459147.5817495822
0.00015134163050439009 1458160.383321978
0.0001512644491808296 1457152.4474721577
0.00015118517081302363 1456124.310474412
0.00015110384896418298 1455076.4918857398
0.00015102053553821322 1454009.4951008642
0.0001509352808346446 1452923.8078894438
0.0001508186240417781 1451535.8424541005
0.00015069834992150833 1450113.0599126043
0.00015057603004962945 1448670.591866303
0.00015045171035410812 1447208.8837878471
0.00015032543551307098 1445728.3689716733
0.00015019724899205324 1444229.468898274
0.00015006719308017515 1442712.593587678
0.0001499272592815718 1441100.7590727378
0.0001497817870088295 1439435.6840922744
0.00014963465590018044 1437754.6673264718
0.00014948590082057762 1436058.0467335999
0.00014933555571388458 1434346.1513045505
0.00014918365362927427 1432619.3013213726
0.0001490302267469516 1430877.8086083315
0.00014887530640322595 1429121.9767762532
0.00014871892311486956 1427352.101462833
0.00014856110660260846 1425568.4705605675
0.00014840188581419315 1423771.3644420523
0.00014824128894659055 1421961.0561775365
0.00014807934346770696 1420137.8117473023
0.00014791607613740077 1418301.8902463387
0.00014775151302779657 1416453.5440832037
0.00014758567954320704 1414593.0191734284
0.0001473993020147898 1412535.5832475284
0.00014721078674394066 1410457.6597815983
0.00014706978369728081 1408851.9634996552
0.00014697558034340474 1407677.5570231306
0.000146879109068122 1406481.4375940608
0.00014678041131544798 1405263.9979023598
0.00014667953204583904 1404025.6725279326
0.0001465765147526153 1402766.8818446759
0.00014647140150841312 1401488.0324743588
0.00014636423301024658 1400189.5177251901
0.00014625504862257496 1398871.7180114787
0.00014614388641894617 1397535.0012588203
0.00014603078322181085 1396179.7232921591
0.000145915774641218 1394806.2282125014
0.00014579889511153203 1393414.84875453
0.0001456801779272657 1392005.9066353096
0.0001455596552772011 1390579.7128866357
0.0001454373582774656 1389136.56817741
0.00014531331700319469 1387676.7631210992
0.0001451875605190241 1386200.578574076
0.00014506011690850176 1384708.285919841
0.00014493101330240505 1383200.147347637
0.00014480027590588865 1381676.4161135247
0.00014466793002469364 1380137.33679771
0.00014453400009046034 1378583.145551018
0.00014439850968509712 1377014.0703311355
0.0001442614815640386 1375430.3311294457
0.00014412293767904235 1373832.1401929925
0.00014398289919994404 1372219.702237316
0.00014384138653568578 1370593.214649313
0.00014369841935471983 1368952.8676874076
0.00014355401660459395 1367298.8446716783
0.00014340819653105898 1365631.322170017
0.00014326097669643825 1363950.4701771075
0.00014311237399751848 1362256.4522879422
0.00014303157110505808 1361232.575981998
0.0001430016247610813 1360667.8922922036
0.00014295667594466753 1359960.4865482745
0.00014290913366946385 1359228.4079697167
0.00014285954420163692 1358476.8582566357
0.0001428079211034811 1357705.970386363
0.00014275427760697355 1356915.8741254762
0.00014269864567692785 1356106.8773005898
0.000142641067827381 1355279.3878213982
0.00014258158538248258 1354433.8021463193
0.00014252023851243122 1353570.5056127356
0.00014245706627145482 1352689.8728045486
0.0001423921066342924 1351792.2679042334
0.0001423253965311083 1350878.0450316377
0.00014223557198413472 1349744.4450237108
0.00014213433732045437 1348502.555708075
0.00014203124593147674 1347243.050658247
0.00014192633885181015 1345966.3227892357
0.0001418196560152682 1344672.7544187414
0.00014171123628852592 1343362.7175930059
0.0001416011175034696 1342036.5743991863
0.0001414893364886279 1340694.6772701861
0.00014137592909954066 1339337.369277391
0.00014126058285636366 1337961.6940508652
0.00014113374203894366 1336477.1462618168
0.00014100545024232696 1334978.8583007448
0.00014087573722913396 1333467.114863796
0.00014074463199339056 1331942.1932577868
0.0001406121627826224 1330404.3636132032
0.0001404783571195043 1328853.8890931257
0.0001403432418227687 1327291.0260962287
0.00014020684302743937 1325716.024450128
0.00014006918620453613 1324129.1276039751
0.00013993029618015405 1322530.5728112387
0.00013979019715392403 1320920.5913078918
0.00013964891271697112 1319299.408486237
0.00013950646586930108 1317667.2440625466
0.00013951299906137744 1317443.1240236403
0.00013945186228907753 1316593.446970879
0.00013939044975802328 1315726.8021919809
0.00013932680560345908 1314839.0927777775
0.0001392609743465661 1313930.7434756383
0.00013919299911460212 1313002.1657008727
0.00013912292168510415 1312053.7579645184
0.000139050782528371 1311085.9062805795
0.00013897662084833397 1310098.98455934
0.000138900474622102 1309093.354988459
0.00013882238063806437 1308069.368400133
0.00013874237453227623 1307027.3646196013
0.00013866049082394266 1305967.6728072886
0.00013857676294951849 1304890.6117876437
0.0001384912232952666 1303796.4903612672
0.0001384039032289911 1302685.6076098792
0.0001383148331304851 1301558.2531900648
0.00013822404242090272 1300414.707615422
0.00013813155959110224 1299255.2425287226
0.00013803741222883153 1298080.1209635944
0.00013794162704525067 1296889.5975990975
0.00013784422990024527 1295683.9190037209
0.00013774524582700493 1294463.3238718375
0.0001376446990556621 1293228.0432494595
0.00013754261303625454 1291978.3007567353
0.00013743901046075024 1290714.3127979112
0.00013733391328449432 1289436.2887690803
0.00013722734274682023 1288144.4312550423
0.00013711931939110598 1286838.9362227947
0.00013700986308407448 1285519.9932063727
0.0001368989930346298 1284187.7854879594
0.00013678672781204226 1282842.4902727492
0.00013667308536356298 1281484.2788575932
0.00013655808303165244 1280113.3167975005
0.00013644173757061095 1278729.7640635357
0.0001363183815170991 1277280.508994662
0.00013619342253111212 1275816.2338289379
0.00013617783178421195 1275376.484430431
0.00013616026007831291 1274918.1833742636
0.000136140722528743 1274441.4754015075
0.00013611923505694323 1273946.513797951
0.00013609581207676955 1273433.4376727822
0.00013607046651798303 1272902.3721884768
0.00013604320984879917 1272353.4287800475
0.0001360140577234502 1271786.7579594352
0.00013598304519907203 1271202.6916566123
0.00013595021100713217 1270601.5959474745
0.00013588402563000754 1269688.8021497582
0.00013581349295528218 1268735.3828741722
0.00013574098066374538 1267763.470502512
0.00013566653231129368 1266773.4761234366
0.00013559019033209887 1265765.8001683643
0.00013551199607060918 1264740.8327150426
0.0001354319898122733 1263698.9537824737
0.00013535021081379221 1262640.5336199445
0.0001352666973320748 1261565.9329825237
0.00013518148665250777 1260475.5034028208
0.00013509461511626415 1259369.5874504843
0.00013500568681217113 1258244.4989373516
0.00013490729791805833 1257031.2373661706
0.0001348074399343284 1255804.2871878915
0.00013470614279502643 1254563.9304860411
0.00013460343568532377 1253310.4422420808
0.00013449934706191656 1252044.0905309247
0.00013439390467281413 1250765.1367088067
0.00013428713557657812 1249473.8355985868
0.0001341790661610543 1248170.4356661257
0.00013406972216155962 1246855.179195238
0.0001339443585416293 1245390.9461294706
0.00013381391628802445 1243879.4861615952
0.0001336821596734037 1242355.8084224837
0.00013354911145523678 1240820.127344816
0.00013341479387150892 1239272.6524382315
0.0001332792286537391 1237713.588413864
0.0001331424370395803 1236143.1353045418
0.0001330044397850519 1234561.48858135
0.00013286525717655986 1232968.8392683198
0.000132724909042442 1231365.3740522764
0.00013258341476436687 1229751.2753924977
0.00013244079328830484 1228126.7216235662
0.0001322970631352774 1226491.8870597337
0.0001321522424117231 1224846.942091829
0.0001320063488197798 1223192.0532866807
0.00013185939966706112 1221527.3834795812
0.00013171141187632326 1219853.0918662434
0.00013156240199481574 1218169.3340928801
0.000131412386203411 1216476.2623409873
0.00013126138032541401 1214774.0254134203
0.00013110939983528104 1213062.7688170928
0.0001309564598669234 1211342.6348401527
0.00013080257522192954 1209613.7626322606
0.00013064776037750484 1207876.288279513
0.00013057416436952594 1206889.7046758384
0.00013049895578051327 1205888.217198833
0.00013042216287981133 1204872.0897260811
0.00013034381530058935 1203841.5997385741
0.00013026394188092626 1202797.0172406118
0.0001301825706872982 1201738.6049795232
0.00013009842082234067 1200654.5448267916
0.00013000699831206336 1199503.364211402
0.00012991417115135743 1198339.223647398
0.00012981996145069733 1197162.3304106907
0.00012972439065508733 1195972.8855399683
0.00012962747956084833 1194771.0839969674
0.00012952924833181483 1193557.1148186652
0.00012942971651486678 1192331.1612665842
0.00012932890305502473 1191093.4009697004
0.00012922682630985179 1189844.0060601765
0.00012912350406338652 1188583.143306352
0.00012901713191754483 1187294.2071309777
0.00012889966066131485 1185903.1345850902
0.0001287691888320519 1184392.4551273189
0.00012863363848475922 1182835.0581806367
0.0001284967598118652 1181265.4467833308
0.0001283585773539767 1179683.849734586
0.00012821911513107755 1178090.490953128
0.00012807839664838428 1176485.5895179803
0.00012793644490848605 1174869.3597831219
0.0001277932824229759 1173242.0114886682
0.00012764893122400178 1171603.749868927
0.00012750341287531234 1169954.7757583817
0.00012735674848317428 1168295.28569333
0.00012720895870694314 1166625.4720142712
0.00012706006376932683 1164945.522961193
0.00012691008346640335 1163255.6227685357
0.00012675903717755197 1161555.9517596117
0.000126606943874838 1159846.6864363246
0.0001264538221324285 1158127.9995658991
0.0001262996901355928 1156400.0602676906
0.00012614456568964258 1154663.0340980557
0.0001259884662284748 1152917.0831294714
0.0001258314088230872 1151162.3660321834
0.0001256734101897386 1149399.0381514244
0.00012551448669798418 1147627.2515827047
0.00012535465437850087 1145847.1552461986
0.00012519392893073957 1144058.8949582828
0.00012503232573036775 1142262.6135036307
0.00012486985983653913 1140458.450701038
0.00012476683908078974 1139197.2098162165
0.00012466243097180216 1137923.3027877093
0.00012455666203030848 1136636.974018205
0.0001244495600943887 1135338.4810486045
0.0001243407966957737 1134024.8316364165
0.0001242213224197383 1132613.4949474866
0.00012410059819506153 1131190.7615841713
0.00012397864917653424 1129756.8640783613
0.00012385549992482316 1128312.029423688
0.0001237311744221498 1126856.479222782
0.0001236056960875658 1125390.4298306024
0.00012347908779161807 1123914.0924913448
0.0001233513718708427 1122427.6734747419
0.00012321885022168518 1120897.5289202195
0.00012308286895755242 1119335.9090052827
0.00012294590133964903 1117765.3190270318
0.00012280796777679575 1116185.9471311169
0.00012266908819393498 1114597.9769716358
0.00012252928204065758 1113001.5877842633
0.00012238856830322923 1111396.9544973993
0.000122246965516437 1109784.2478448353
0.00012210449177491554 1108163.634470213
0.00012196116474437756 1106535.2770336168
0.00012181700167244161 1104899.3343121016
0.00012167201939916489 1103255.9612986562
0.00012152623436741826 1101605.3092994976
0.00012137966263276004 1099947.526025901
0.00012122774893110687 1098241.3399564212
0.00012106903055766454 1096473.5047459148
0.00012090296682782617 1094639.1426944074
0.00012073609433576258 1092797.4582136134
0.00012056842581280545 1090948.568752423
0.00012039997362800802 1089092.5884186518
0.00012023074979196635 1087229.6280145992
0.00012006076596064682 1085359.7950760187
0.00011989003343862107 1083483.1939038576
0.00011971856318199578 1081599.9255919093
0.0001195463658010405 1079710.0880552172
0.0001193734515623821 1077813.7760518321
0.00011919983039077918 1075911.0812004688
0.00011902551187057908 1074002.091998161
0.000118850505246716 1072086.8938313057
0.00011867481942528243 1070165.5689822915
0.00011849846297375474 1068238.1966359154
0.00011832144412062432 1066304.8528778886
0.00011814377075481465 1064365.6106928256
0.00011796545042433966 1062420.539953823
0.00011778649033474893 1060469.7074130727
0.00011760689734691925 1058513.1766827845
0.00011742667797441489 1056551.0082156465
0.00011724583838030983 1054583.2592786099
0.0001170694086862897 1052658.2389066217
0.00011694082820228983 1051160.3921895765
0.00011681122004718134 1049653.3146052808
0.00011668058970904557 1048137.0517882659
0.0001165489457031922 1046611.683231533
0.00011641629555947357 1045077.279535112
0.00011628264579741824 1043533.9021922032
0.00011614800189876675 1041981.60335068
0.00011601236827763273 1040420.4255550054
0.00011587574824805473 1038850.4014648057
0.00011573814398921635 1037271.5535525745
0.00011559955650828238 1035683.8937806383
0.0001154599856011487 1034087.4232608675
0.00011531942981112403 1032482.1318944759
0.00011517210386267855 1030816.2298636594
0.00011502187816810325 1029124.3703533347
0.00011487051753603827 1027422.3563349689
0.0001147180000670586 1025709.9953739347
0.00011456431663697419 1023987.2093629972
0.00011440947727706433 1022254.0915547812
0.0001142534924873068 1020510.7392719564
0.0001140963754344956 1018757.273602956
0.00011393814246727931 1016993.8440370909
0.00011377880971013573 1015220.5979128842
0.00011361839302956008 1013437.6801962429
0.00011344999973295883 1011583.6234506633
0.00011327477442575512 1009668.6390182015
0.00011309839655173961 1007743.381237495
0.00011292087890777197 1005807.96773107
0.00011274223402584261 1003862.5136942386
0.000112562474173568 1001907.1318996864
0.00011238161135490545 999941.9327085243
0.00011219965731047222 997967.0240728598
0.00011201662351793643 995982.5115436126
0.00011183252119223353 993988.4982735328
0.00011164736128571727 991985.0850214346
0.00011146115448810561 989972.3701531994
0.00011131530645635942 988318.1115095033
0.00011116777523478065 986648.9099938741
0.00011101857922667532 984964.9329659478
0.00011086773803784637 983266.3597656129
0.00011071527062616105 981553.3638734852
0.00011056119530222451 979826.1129229729
0.00011040552972999894 978084.768712267
0.00011024829092728916 976329.4872134549
0.00011008949526602995 974560.418582774
0.0001099291584723819 972777.7071660452
0.00010976729562673272 970981.4915057137
0.00010960392116352358 969171.9043454113
0.00010943904887096914 967349.0726332704
0.00010927269522124463 965513.1469432975
0.000109104882555734 963664.329667823
0.00010893563333896534 961802.8241020537
0.00010876496961321312 959928.8296939086
0.00010859291299978505 958042.542042755
0.00010841948470807873 956144.1529820622
0.00010824470554455059 954233.8506633185
0.00010806859592162317 952311.8196365442
0.00010789117687296434 950378.2497847736
0.00010770943887773048 948406.6405102233
0.00010751892235001457 946357.7341122208
0.00010732524896908036 944281.0371324972
0.0001071302817557089 942192.9566005182
0.00010693404106542839 940093.6760414087
0.0001067365469245769 937983.3759597854
0.0001065378190357089 935862.2338918879
0.00010633787678292019 933730.4244531177
0.00010613673923713272 931588.1193892255
0.00010593442516134018 929435.4876241632
0.00010573095301561032 927272.6953061994
0.00010552634096230657 925099.9058576473
0.00010531701986002989 922885.840016757
0.00010510376911736356 920637.3333901674
0.00010488632983329345 918352.1430455728
0.0001046651918642938 916034.5630728297
0.000104442951555156 913707.3353602188
0.00010421962474592109 911370.6025162159
0.0001039952270580899 909024.5051394892
0.00010376977389758518 906669.181845235
0.000103543280457966 904304.769297
0.00010331576172322064 901931.4022315026
0.0001030872324708193 899549.2134879623
0.00010285770727444127 897158.3340324064
0.00010262720050690363 894758.892986947
0.00010238835863796572 892286.7867032187
0.00010214704316664856 889793.1190288196
0.00010190471090793937 887290.5942103395
0.00010166137452538981 884779.3264170219
0.00010141704652153477 882259.4283380297
0.00010117173923989953 879731.0112012133
0.00010092546486695983 877194.1847904506
0.00010067823543413618 874649.0574657146
0.00010043006281967677 872095.7361795356
0.00010018095875056121 869534.3264961044
9.993093480431825e-05 866964.9326072398
9.96800024108162e-05 864387.6573497634
9.942817285405023e-05 861802.6022226543
9.919350805731221e-05 859366.3228488478
9.895752068062072e-05 856918.5868940675
9.872023051241247e-05 854459.5694579745
9.848165868841762e-05 851989.4588117816
9.8241825963248e-05 849508.4397819603
9.80007527167079e-05 847016.693808674
9.77584589603982e-05 844514.3990052713
9.751496434427605e-05 842001.7302193316
9.727028816303138e-05 839478.8590917251
9.702444936234085e-05 836945.9541134567
9.677746654498302e-05 834403.1806825969
9.652935797691054e-05 831850.7011593985
9.628014159310483e-05 829288.6749208376
9.602983500337844e-05 826717.2584128068
9.577845549810654e-05 824136.6052049394
9.552602005372044e-05 821546.8660383794
9.527254533828038e-05 818948.1888794457
9.50180477167725e-05 816340.7189670713
9.476254325640607e-05 813724.5988613173
9.450604773178086e-05 811099.9684913158
9.424857662998116e-05 808466.9652020824
9.399014515550383e-05 805825.723799211
9.373076823521446e-05 803176.3765953934
9.347046052307552e-05 800519.0534527681
9.320923640487584e-05 797853.8818267623
9.294711000283039e-05 795180.9868085004
9.268409518010193e-05 792500.4911661439
9.242020554521374e-05 789812.5153855394
9.215545445636843e-05 787117.1777092951
9.188985502572744e-05 784414.594176928
9.162342012354851e-05 781704.87866247
9.135616238220288e-05 778988.1429107203
9.108809420019844e-05 776264.4965755384
9.081922774604583e-05 773534.047254191
9.054957496201001e-05 770796.9005226084
9.027914756782444e-05 768053.1599687083
9.00079570642832e-05 765302.92722679
8.973601473670073e-05 762546.3020075825
8.946333165839113e-05 759783.3821321065
8.9189918693849e-05 757014.263559746
8.891578650204678e-05 754239.0404193562
8.864094553947557e-05 751457.8050374348
8.836540606310739e-05 748670.647964895
8.80891781332981e-05 745877.6580048339
8.781227161653332e-05 743078.9222377158
8.753469618804567e-05 740274.5260455722
8.725646133434786e-05 737464.5531363344
8.697757635558937e-05 734649.0855654308
8.669805036781535e-05 731828.2037572515
8.641789230509385e-05 729001.9865258487
8.613686604906953e-05 726168.4456868328
8.585517439700696e-05 723329.2949879053
8.557289159323087e-05 720485.16383414
8.529002550588426e-05 717636.1216906281
8.500658382071251e-05 714782.2364220534
8.472257404197798e-05 711923.5743045455
8.443800349299393e-05 709060.2000306002
8.415287931589317e-05 706192.1767122899
8.386720847152066e-05 703319.5658791511
8.358099773904005e-05 700442.4274807879
8.32942537152214e-05 697560.8198820523
8.300698281284659e-05 694674.7998513003
8.271919125997476e-05 691784.4225592432
8.243088509745555e-05 688889.7415585547
8.214207017675257e-05 685990.8087705361
8.18606813964661e-05 683153.8918477042
8.157863056005679e-05 680311.4518723376
8.12959241549354e-05 677463.54488539
8.101256993819725e-05 674610.2394827082
8.072857529188979e-05 671751.6010712159
8.04439472111625e-05 668887.6917755094
8.015869229056433e-05 666018.5703310957
7.987281670795057e-05 663144.2919570103
7.958632620572421e-05 660264.9082074318
7.929922606896962e-05 657380.4667985418
7.90115210999527e-05 654491.0114049516
7.872321558867072e-05 651596.5814245536
7.843431327859274e-05 648697.2117046048
7.814481732715506e-05 645792.9322262139
7.78547302598092e-05 642883.7677342943
7.756405391700006e-05 639969.7373135362
7.727278939256309e-05 637050.8538934255
7.69809369623482e-05 634127.123674339
7.668849600131837e-05 631198.5454619445
7.639546488711736e-05 628265.1098920475
7.61018408877284e-05 625326.7985276328
7.580762003042539e-05 622383.5828055295
7.551279694854361e-05 619435.42280531
7.521736470206649e-05 616482.2658082295
7.492131456682883e-05 613524.0446028779
7.46246357867959e-05 610560.6754976278
7.432731528188512e-05 607592.0559753426
7.402933730280566e-05 604618.0619240245
7.373068302249689e-05 601638.5443618828
7.343133005140551e-05 598653.325552654
7.313125186150865e-05 595662.1943927688
7.283043138388332e-05 592665.017163375
7.252886765915711e-05 589661.791751381
7.222656007075098e-05 586652.5186462349
7.192351100818261e-05 583637.2230595979
7.161972393164219e-05 580615.9387156502
7.131520189534574e-05 577588.6961064257
7.100994748003929e-05 574555.521889767
7.070396275689224e-05 571516.438609963
7.039724924756985e-05 568471.4643858362
7.008980788000641e-05 565420.6125684967
6.978163893945236e-05 562363.8913605737
6.94727420142856e-05 559301.3033962066
6.916311593598541e-05 556232.8452756885
6.885275871275256e-05 553158.5070518065
6.854166745598624e-05 550078.2716603456
6.822983966099701e-05 546992.1251926277
6.791727860606643e-05 543900.1002721955
6.760398930304893e-05 540802.2433397858
6.728997676854432e-05 537698.600870475
6.697524601334259e-05 534589.2192635835
6.665980204499356e-05 531474.1448636022
6.634364987018133e-05 528353.423978284
6.602679449712703e-05 525227.1028981854
6.57092409378216e-05 522095.2279134138
6.539099421025631e-05 518957.8453319157
6.50720593404272e-05 515815.00149365934
6.475244136439996e-05 512666.7427876473
6.443214533017969e-05 509513.1156653013
6.411117629949807e-05 506354.16665424546
6.378953934954163e-05 503189.9423713509
6.346723957452308e-05 500020.48953371873
6.314428208720311e-05 496845.85497065843
6.282067202028676e-05 493666.08563288907
6.249641452769138e-05 490481.22860206175
6.2171514785753e-05 487291.33109899634
6.184597799429118e-05 484096.4404906381
6.151980937759495e-05 480896.6042970631
6.119301418527803e-05 477691.8701966824
6.0865597693003564e-05 474482.2860300768
6.053756520321121e-05 471267.8998057433
6.020892204555353e-05 468048.7597002422
5.987967357737953e-05 464824.914061685
5.954982518406921e-05 461596.41141081153
5.9219382279187855e-05 458363.3004397655
5.8888350304664185e-05 455125.63001323387
5.855673473071569e-05 451883.44916458824
5.8224541055805245e-05 448636.80709533085
5.789177480638267e-05 445385.75317060284
5.75584415366234e-05 442130.33691549505
5.722454682797329e-05 438870.6080099444
5.6890096288672496e-05 435606.61628294823
5.6555095553146284e-05 432338.411706937
5.621955028128723e-05 429066.0443890637
5.588346615769341e-05 425789.564564391
5.5546848890789124e-05 422509.02258727094
5.520970421185941e-05 419224.4689217648
5.488657915305508e-05 416046.36875534727
5.456263451404142e-05 412862.0585903409
5.4237880726114965e-05 409671.6257789015
5.3912329813375254e-05 406475.1720773781
5.358599379206526e-05 403272.79898715956
5.325888466490411e-05 400064.6077074218
5.293101441575765e-05 396850.6990926335
5.260653051270482e-05 393662.17735709634
5.2281113435121894e-05 390466.6752681975
5.195574164757598e-05 387271.5083454494
5.162937575047674e-05 384068.93473754043
5.1302039362654735e-05 380859.1416393471
5.097375710859893e-05 377642.3265165759
5.0644553087074314e-05 374418.682374922
5.031445087706291e-05 371188.3978180719
4.9983473543860956e-05 367951.6571074333
4.965164364534982e-05 364708.64022161043
4.931898323845367e-05 361459.52291789907
4.898551388578706e-05 358204.47679576336
4.865125666246183e-05 354943.6693601405
4.831623216303206e-05 351677.2640863069
4.79804605085661e-05 348405.4204854805
4.764396135387535e-05 345128.2941713077
4.730675389483159e-05 341846.03692733496
4.6968856875747666e-05 338558.79677339294
4.663028859693111e-05 335266.718035455
4.6291066922195597e-05 331969.9414120208
4.595120928651577e-05 328668.60404410854
4.5635096987661384e-05 325537.10502969637
4.5318019153156866e-05 322398.72096577764
4.500000532778494e-05 319253.6780550408
4.468108556755976e-05 316102.20789028285
4.4361288963909425e-05 312944.53430680383
4.404064367188906e-05 309780.873619818
4.371917693818943e-05 306611.4348594765
4.339691512860241e-05 303436.4200007857
4.3073883754986535e-05 300256.0241898992
4.275010750158987e-05 297070.43596266623
4.2425610250832324e-05 293879.8374600161
4.210041510847736e-05 290684.4046367236
4.1774544428205396e-05 287484.30746537575
4.144801983556181e-05 284279.71013403684
4.112086225133947e-05 281070.77124032297
4.079309191427122e-05 277857.6439772538
4.046472840320376e-05 274640.47631689464
4.014304044129549e-05 271468.61462164845
3.982065615133596e-05 268292.0464984821
3.9497599178790823e-05 265110.9460918632
3.9173893321123555e-05 261925.49024088998
3.8849561474440116e-05 258735.84881100105
3.8524625670166914e-05 255542.1849850699
3.819910711050378e-05 252344.65554503756
3.7873026202301845e-05 249143.41114096335
3.754640258958283e-05 245938.59654895065
3.721925518457514e-05 242730.3509163616
3.6891602197525444e-05 239518.8079982518
3.656346116513881e-05 236304.09638160272
3.623484897787989e-05 233086.33970098186
3.590578190605048e-05 229865.65684392376
3.5576275624800753e-05 226642.1621481139
3.524634523800849e-05 223415.96558868457
3.4916005301193345e-05 220187.17295892863
3.458526984341968e-05 216955.88604158734
3.425415238827272e-05 213722.2027735829
3.3922665973924314e-05 210486.21740299102
3.359082317237033e-05 207248.02063957657
3.325863610782248e-05 204007.69979863105
3.292611647432191e-05 200765.33893823458
3.259327555261961e-05 197521.0189910262
3.226012422629955e-05 194274.8178894764
3.192667299730627e-05 191026.81068746716
3.15929320006931e-05 187777.06967397348
3.125891101883446e-05 184525.6644838394
3.09246194950484e-05 181272.6622038214
3.059006654657096e-05 178018.12747249551
3.0255260977055353e-05 174762.12257734622
2.9920211288524323e-05 171504.70754712707
2.958492569281994e-05 168245.94024029118
2.924941212257632e-05 164985.87642971662
2.891367824175665e-05 161724.56988380186
2.8577731455731807e-05 158462.0724443971
2.8241578920952446e-05 155198.43410086026
2.7905227554221053e-05 151933.70306147434
2.7568684041589445e-05 148667.92582176742
2.723195484688659e-05 145401.14722998734
2.689504621990271e-05 142133.41054969482
2.65579642042387e-05 138864.75751994946
2.6220714644837827e-05 135595.22841285335
2.5883303195208407e-05 132324.8620887125
2.5545735324381212e-05 129053.69604923631
2.5208016323542286e-05 125781.76648793573
2.4870151312445237e-05 122509.10833923705
2.4532145245544983e-05 119235.75532481185
2.4194002917887017e-05 115961.7399985803
2.38557289707887e-05 112687.09378993842
2.3517327897252765e-05 109411.84704445938
2.3178804047217133e-05 106136.02906413624
2.2840161632565356e-05 102859.6681450109
2.250140473194335e-05 99582.79161352992
2.21625372954241e-05 96305.42586222973
2.1823563148947628e-05 93027.59638285554
2.1484485998605146e-05 89749.32779872959
2.114530943478215e-05 86470.64389613859
2.0806036936102296e-05 83191.56765379684
2.0466671873258482e-05 79912.12127182586
2.0127217512669913e-05 76632.32619910361
1.9787677020017388e-05 73352.20315979651
1.944805346365476e-05 70071.77217914874
1.910834981784955e-05 66791.0526073034
1.8768568965962073e-05 63510.06314363225
1.842871370345321e-05 60228.82185864523
1.8088786740818455e-05 56947.34621640399
1.7748790706391774e-05 53665.65309507292
1.740872814905848e-05 50383.758807348015
1.7068601540843856e-05 47101.67911946438
1.6728413279456633e-05 43819.429270498826
1.6388165690687566e-05 40537.02398979915
1.6047861030752354e-05 37254.477514605314
1.575568719676849e-05 34359.54639648149
1.545643394407432e-05 31274.846008288143
1.5165485118666454e-05 28098.194605178993
1.4874483055832182e-05 24921.46744326093
1.4583427588494401e-05 21744.650754879116
1.4375041670027377e-05 19259.951138942706
1.424081451290255e-05 16297.438335260264
1.431136858327532e-05 14830.89540941171
1.701136858327532e-05 17628.896458105555
1.9711368583275322e-05 20426.908869780287
2.2411368583275323e-05 23224.921281472063
2.5111368583275325e-05 26022.933693210496
2.7811368583275326e-05 28820.946105004867
3.0511368583275327e-05 31618.95851675477
3.321136858327533e-05 34416.9709285512
3.5911368583275326e-05 37214.98334016379
3.8611368583275324e-05 40012.995751945724
4.131136858327532e-05 42811.00816371852
4.401136858327532e-05 45609.02057543864
4.671136858327532e-05 48407.03298714793
4.9411368583275316e-05 51205.04539880053
5.2111368583275313e-05 54003.05781060724
5.481136858327531e-05 56801.07022246784
5.751136858327531e-05 59599.082634056416
6.021136858327531e-05 62397.09504574236
6.29113685832753e-05 65195.1074576903
6.56113685832753e-05 67993.11986947882
6.83113685832753e-05 70791.13228101406
7.10113685832753e-05 73589.14469265178
7.37113685832753e-05 76387.15710471953
7.64113685832753e-05 79185.16951632108
7.911136858327529e-05 81983.18192807223
8.181136858327529e-05 84781.19434003456
8.451136858327529e-05 87579.20675173495
8.721136858327529e-05 90377.21916339418
8.991136858327528e-05 93175.23157497396
